5754
10
0	245	617	844	784	629	934	305	871	903
245	0	742	657	893	531	857	95	734	720
617	742	0	926	170	584	683	715	797	955
844	657	926	0	982	341	466	564	222	64
784	893	170	982	0	647	661	856	822	1002
629	531	584	341	647	0	326	441	254	373
934	857	683	466	661	326	0	768	245	448
305	95	715	564	856	441	768	0	639	627
871	734	797	222	822	254	245	639	0	205
903	720	955	64	1002	373	448	627	205	0
0	1	7	3	9	8	6	5	4	2
3178
282	912
94	754
824	617
57	98
952	504
343	285
515	7
110	660
272	41
67	34
