5522
10
0	353	314	523	281	692	659	406	948	834
353	0	612	198	293	502	894	602	959	793
314	612	0	730	381	755	359	198	794	741
523	198	730	0	356	357	955	667	890	706
281	293	381	356	0	417	609	316	710	572
692	502	755	357	417	0	840	606	575	382
659	894	359	955	609	840	0	292	610	648
406	602	198	667	316	606	292	0	598	544
948	959	794	890	710	575	610	598	0	193
834	793	741	706	572	382	648	544	193	0
0	4	1	3	5	9	8	6	7	2
3118
454	983
807	962
226	767
954	829
607	747
922	473
82	438
328	597
544	39
677	179
