4256
10
0	853	170	751	733	789	628	811	250	531
853	0	712	185	561	279	554	697	714	684
170	712	0	635	698	692	460	801	102	378
751	185	635	0	377	113	610	516	663	708
733	561	698	377	0	288	888	143	773	933
789	279	692	113	288	0	717	420	733	806
628	554	460	610	888	717	0	1025	382	160
811	697	801	516	143	420	1025	0	883	1063
250	714	102	663	773	733	382	883	0	282
531	684	378	708	933	806	160	1063	282	0
0	2	8	9	6	1	3	5	4	7
2808
834	304
287	959
808	473
250	777
111	426
158	711
841	932
23	313
874	551
957	821
