3114
10
0	812	768	344	831	763	561	625	593	253
812	0	526	591	21	702	626	400	736	878
768	526	0	779	525	187	245	784	311	669
344	591	779	0	613	853	660	295	740	556
831	21	525	613	0	704	634	421	743	894
763	702	187	853	704	0	204	914	194	607
561	626	245	660	634	204	0	757	110	428
625	400	784	295	421	914	757	0	859	799
593	736	311	740	743	194	110	859	0	415
253	878	669	556	894	607	428	799	415	0
0	9	8	6	5	2	4	1	7	3
2754
13	247
601	807
779	311
51	589
622	813
767	124
571	181
202	843
580	71
165	44
