6072
10
0	449	719	659	536	358	552	384	662	662
449	0	547	443	537	768	388	639	531	912
719	547	0	108	250	828	176	558	70	684
659	443	108	0	270	814	109	559	126	727
536	537	250	270	0	583	200	308	180	458
358	768	828	814	583	0	708	281	759	423
552	388	176	109	200	708	0	462	143	656
384	639	558	559	308	281	462	0	488	288
662	531	70	126	180	759	143	488	0	620
662	912	684	727	458	423	656	288	620	0
0	5	9	7	4	8	2	3	6	1
2681
280	869
710	999
885	480
877	588
635	467
63	584
771	615
327	487
815	478
257	207
