2590
10
0	699	966	836	490	420	672	657	354	810
699	0	269	539	320	283	273	345	595	489
966	269	0	582	537	546	465	475	818	538
836	539	582	0	389	546	797	225	513	49
490	320	537	389	0	164	490	175	281	351
420	283	546	546	164	0	359	324	352	505
672	273	465	797	490	359	0	584	709	748
657	345	475	225	175	324	584	0	388	181
354	595	818	513	281	352	709	388	0	498
810	489	538	49	351	505	748	181	498	0
0	8	4	7	9	3	2	1	6	5
2943
185	972
506	350
673	138
956	647
567	665
410	617
237	302
734	610
538	945
915	619
