8322
10
0	615	871	279	684	1124	696	636	819	702
615	0	514	688	869	850	1029	654	739	880
871	514	0	758	658	336	883	424	362	658
279	688	758	0	411	945	424	417	604	429
684	869	658	411	0	691	231	242	336	18
1124	850	336	945	691	0	918	534	361	683
696	1029	883	424	231	918	0	459	567	236
636	654	424	417	242	534	459	0	187	247
819	739	362	604	336	361	567	187	0	331
702	880	658	429	18	683	236	247	331	0
0	3	6	9	4	7	8	5	2	1
3212
29	283
75	897
587	952
306	248
713	306
923	965
694	75
616	528
768	638
731	309
