449
10
0	379	622	380	724	402	729	942	882	174
379	0	525	338	430	661	499	852	627	369
622	525	0	245	350	534	232	334	360	457
380	338	245	0	410	407	369	575	524	224
724	430	350	410	0	810	142	558	205	613
402	661	534	407	810	0	741	755	887	297
729	499	232	369	142	741	0	417	154	592
942	852	334	575	558	755	417	0	426	770
882	627	360	524	205	887	154	426	0	746
174	369	457	224	613	297	592	770	746	0
0	1	3	2	6	4	8	7	5	9
3193
25	471
192	812
643	543
398	544
615	892
275	156
690	771
967	458
818	858
197	443
