2090
10
0	365	549	626	294	691	1095	557	146	926
365	0	184	364	295	408	783	221	223	621
549	184	0	341	424	315	634	118	408	484
626	364	341	0	657	655	920	458	490	792
294	295	424	657	0	436	839	370	263	671
691	408	315	655	436	0	405	204	586	236
1095	783	634	920	839	405	0	562	983	169
557	221	118	458	370	204	562	0	429	400
146	223	408	490	263	586	983	429	0	815
926	621	484	792	671	236	169	400	815	0
0	4	5	9	6	7	2	3	1	8
2889
932	63
608	233
454	335
307	27
878	353
546	637
285	947
517	435
791	104
391	815
