1393
10
0	412	571	398	339	150	763	448	565	438
412	0	534	254	710	434	383	258	632	145
571	534	0	750	602	707	863	280	153	675
398	254	750	0	737	326	415	494	819	131
339	710	602	737	0	451	1084	636	508	767
150	434	707	326	451	0	731	545	713	408
763	383	863	415	1084	731	0	589	986	326
448	258	280	494	636	545	589	0	397	402
565	632	153	819	508	713	986	397	0	764
438	145	675	131	767	408	326	402	764	0
0	4	8	2	7	1	6	9	3	5
2854
703	527
334	343
246	870
523	172
847	834
766	390
139	13
259	590
358	975
398	212
