6623
10
0	839	476	101	217	444	599	558	441	841
839	0	447	941	866	664	273	999	398	681
476	447	0	568	435	565	174	560	189	449
101	941	568	0	232	518	698	561	543	906
217	866	435	232	0	628	598	341	490	695
444	664	565	518	628	0	556	944	390	1015
599	273	174	698	598	556	0	731	182	514
558	999	560	561	341	944	731	0	702	557
441	398	189	543	490	390	182	702	0	632
841	681	449	906	695	1015	514	557	632	0
0	3	4	7	9	2	6	1	8	5
3359
536	163
63	857
450	632
600	84
715	286
93	193
295	712
991	487
290	530
733	981
