1182
10
0	986	839	156	505	625	779	731	313	725
986	0	180	981	514	373	503	265	920	740
839	180	0	853	346	272	513	189	816	727
156	981	853	0	550	608	696	717	167	604
505	514	346	550	0	243	553	306	563	671
625	373	272	608	243	0	321	108	550	487
779	503	513	696	553	321	0	335	567	241
731	265	189	717	306	108	335	0	655	539
313	920	816	167	563	550	567	655	0	445
725	740	727	604	671	487	241	539	445	0
0	3	8	9	6	1	2	7	5	4
2737
2	235
814	796
634	787
105	117
331	619
556	526
779	294
637	598
262	60
707	63
