5490
10
0	751	501	521	825	778	563	561	685	203
751	0	280	638	177	201	368	194	820	744
501	280	0	391	324	279	163	154	594	548
521	638	391	0	587	523	270	545	210	684
825	177	324	587	0	64	326	320	739	857
778	201	279	523	64	0	264	304	675	823
563	368	163	270	326	264	0	307	454	657
561	194	154	545	320	304	307	0	748	551
685	820	594	210	739	675	454	748	0	867
203	744	548	684	857	823	657	551	867	0
0	9	2	7	1	4	5	6	3	8
2769
592	843
965	191
746	366
355	379
847	58
791	90
607	280
900	374
154	316
783	913
