4958
10
0	496	647	199	584	543	338	975	271	317
496	0	261	370	699	469	186	583	696	428
647	261	0	463	604	341	420	338	768	438
199	370	463	0	446	350	277	782	327	140
584	699	604	446	0	263	695	774	448	311
543	469	341	350	263	0	518	540	537	229
338	186	420	277	695	518	0	756	576	389
975	583	338	782	774	540	756	0	1057	723
271	696	768	327	448	537	576	1057	0	334
317	428	438	140	311	229	389	723	334	0
0	8	4	5	7	2	1	6	9	3
3035
720	26
992	441
850	660
692	224
293	425
532	536
968	256
815	997
449	5
583	312
