8496
10
0	516	376	163	328	655	579	448	598	438
516	0	788	374	312	900	882	857	798	899
376	788	0	521	490	966	241	683	933	137
163	374	521	0	283	633	698	505	554	597
328	312	490	283	0	917	570	766	836	613
655	900	966	633	917	0	1201	317	109	953
579	882	241	698	570	1201	0	923	1162	321
448	857	683	505	766	317	923	0	339	650
598	798	933	554	836	109	1162	339	0	936
438	899	137	597	613	953	321	650	936	0
0	9	2	6	4	1	8	5	7	3
3590
569	481
933	114
648	849
626	328
893	424
33	104
842	992
127	407
136	68
529	918
