7007
10
0	281	529	563	447	656	116	524	371	562
281	0	555	319	185	568	338	425	246	464
529	555	0	533	539	246	644	237	790	235
563	319	533	0	136	403	646	304	517	325
447	185	539	136	0	471	520	343	385	375
656	568	246	403	471	0	771	143	814	104
116	338	644	646	520	771	0	636	345	675
524	425	237	304	343	143	636	0	672	39
371	246	790	517	385	814	345	672	0	710
562	464	235	325	375	104	675	39	710	0
0	2	5	9	7	3	4	1	8	6
2250
457	375
737	403
496	903
957	635
879	523
733	971
429	262
721	828
758	157
729	867
