9318
10
0	701	295	481	477	135	330	355	620	340
701	0	493	729	240	780	473	921	144	1010
295	493	0	643	337	315	35	428	468	634
481	729	643	0	514	612	667	833	588	520
477	240	337	514	0	573	333	744	144	772
135	780	315	612	573	0	347	221	718	362
330	473	35	667	333	347	0	450	458	669
355	921	428	833	744	221	450	0	885	502
620	144	468	588	144	718	458	885	0	906
340	1010	634	520	772	362	669	502	906	0
0	5	7	2	6	1	8	4	3	9
2954
705	457
5	416
476	270
542	910
230	501
782	346
448	249
888	152
89	534
989	644
