6483
10
0	919	857	587	764	590	441	461	200	552
919	0	930	773	428	1040	507	685	891	861
857	930	0	281	502	373	646	437	664	307
587	773	281	0	381	278	386	158	403	101
764	428	502	381	0	660	344	358	648	480
590	1040	373	278	660	0	594	363	393	180
441	507	646	386	344	594	0	239	384	438
461	685	437	158	358	363	239	0	304	199
200	891	664	403	648	393	384	304	0	357
552	861	307	101	480	180	438	199	357	0
0	8	7	3	9	5	2	4	1	6
3194
123	533
946	942
811	21
630	236
887	518
438	34
557	616
557	377
253	381
547	178
