8583
10
0	706	820	139	231	410	571	649	728	856
706	0	658	731	586	505	240	593	341	574
820	658	0	938	589	949	809	172	975	130
139	731	938	0	354	338	557	769	687	962
231	586	589	354	0	488	531	418	715	628
410	505	949	338	488	0	275	806	357	927
571	240	809	557	531	275	0	701	188	753
649	593	172	769	418	806	701	0	880	244
728	341	975	687	715	357	188	880	0	906
856	574	130	962	628	927	753	244	906	0
0	3	5	8	6	1	9	2	7	4
2787
331	978
357	272
982	478
192	985
514	837
53	676
174	428
855	595
19	320
925	361
