2320
10
0	747	999	805	621	610	887	540	923	625
747	0	276	537	151	547	571	505	609	145
999	276	0	540	428	646	765	636	796	373
805	537	540	0	597	208	1090	266	1131	447
621	151	428	597	0	553	495	493	536	149
610	547	646	208	553	0	1041	79	1083	418
887	571	765	1090	495	1041	0	975	42	643
540	505	636	266	493	79	975	0	1017	368
923	609	796	1131	536	1083	42	1017	0	684
625	145	373	447	149	418	643	368	684	0
0	7	5	3	2	1	9	4	6	8
3397
23	782
645	368
774	123
246	8
579	504
130	181
905	877
152	257
939	902
500	377
