6293
10
0	301	620	889	98	586	905	528	816	734
301	0	410	678	261	531	631	227	515	612
620	410	0	923	631	919	748	357	479	957
889	678	923	0	796	446	280	572	547	280
98	261	631	796	0	488	828	481	766	636
586	531	919	446	488	0	634	593	763	185
905	631	748	280	828	634	0	445	300	513
528	227	357	572	481	593	445	0	287	606
816	515	479	547	766	763	300	287	0	705
734	612	957	280	636	185	513	606	705	0
0	4	5	9	3	6	8	7	2	1
2986
667	65
502	317
92	297
744	951
707	155
971	566
464	947
380	509
232	756
937	748
