5791
10
0	362	718	581	602	318	372	454	590	350
362	0	818	408	875	586	582	599	857	222
718	818	0	546	424	1004	363	264	406	598
581	408	546	0	795	891	515	450	774	239
602	875	424	795	0	782	301	345	21	708
318	586	1004	891	782	0	642	742	778	653
372	582	363	515	301	642	0	113	281	407
454	599	264	450	345	742	113	0	324	397
590	857	406	774	21	778	281	324	0	689
350	222	598	239	708	653	407	397	689	0
0	5	4	8	6	7	2	3	9	1
3148
400	273
683	47
824	853
979	329
400	875
106	150
550	614
659	646
418	863
750	259
