7819
10
0	926	544	244	953	782	300	816	804	147
926	0	857	1114	114	861	630	786	129	803
544	857	0	516	815	246	541	306	786	579
244	1114	516	0	1123	761	517	821	1000	389
953	114	815	1123	0	790	667	708	210	841
782	861	246	761	790	0	724	98	825	797
300	630	541	517	667	724	0	721	505	173
816	786	306	821	708	98	721	0	761	814
804	129	786	1000	210	825	505	761	0	677
147	803	579	389	841	797	173	814	677	0
0	9	6	8	1	4	7	5	2	3
2880
901	730
242	79
392	923
906	974
148	145
146	935
719	491
94	851
358	137
864	587
