9694
10
0	579	350	162	321	657	193	750	668	584
579	0	727	690	649	830	435	867	713	1037
350	727	0	476	79	1007	320	1100	1015	866
162	690	476	0	465	550	352	649	598	422
321	649	79	465	0	977	253	1066	972	872
657	830	1007	550	977	0	771	102	171	449
193	435	320	352	253	771	0	851	741	770
750	867	1100	649	1066	102	851	0	159	538
668	713	1015	598	972	171	741	159	0	599
584	1037	866	422	872	449	770	538	599	0
0	3	9	5	7	8	1	6	4	2
3124
575	630
49	874
775	918
610	471
696	928
238	65
478	798
150	12
97	162
687	56
