8135
10
0	1159	989	531	642	895	681	591	781	529
1159	0	195	708	762	681	675	717	547	890
989	195	0	515	680	507	597	521	490	788
531	708	515	0	611	390	578	87	581	619
642	762	680	611	0	944	86	695	219	148
895	681	507	390	944	0	889	311	843	984
681	675	597	578	86	889	0	658	134	227
591	717	521	87	695	311	658	0	652	706
781	547	490	581	219	843	134	652	0	361
529	890	788	619	148	984	227	706	361	0
0	9	4	6	8	1	2	5	7	3
3075
911	913
96	88
282	149
724	415
274	829
775	28
250	746
768	339
183	629
382	931
