504
10
0	881	361	730	282	323	205	76	262	535
881	0	556	152	705	568	796	820	618	627
361	556	0	417	347	189	381	323	151	256
730	152	417	0	554	415	644	668	467	530
282	705	347	554	0	173	101	207	198	598
323	568	189	415	173	0	240	254	78	445
205	796	381	644	101	240	0	140	232	618
76	820	323	668	207	254	140	0	203	526
262	618	151	467	198	78	232	203	0	400
535	627	256	530	598	445	618	526	400	0
0	7	6	4	3	1	9	2	5	8
2435
143	535
940	158
503	502
794	203
244	271
402	342
162	330
181	469
378	417
648	713
