8468
10
0	324	506	145	464	317	555	310	206	282
324	0	800	467	740	180	865	573	409	558
506	800	0	408	86	704	107	557	616	242
145	467	408	0	387	454	437	222	211	234
464	740	86	387	0	633	193	564	599	184
317	180	704	454	633	0	785	620	479	464
555	865	107	437	193	785	0	546	633	321
310	573	557	222	564	620	546	0	169	444
206	409	616	211	599	479	633	169	0	439
282	558	242	234	184	464	321	444	439	0
0	8	7	3	6	2	4	9	5	1
2379
504	574
819	650
147	215
359	564
232	198
804	470
48	257
257	762
426	765
361	330
