9916
10
0	122	858	272	1062	66	694	328	458	856
122	0	895	151	1010	188	713	447	425	889
858	895	0	985	708	860	208	750	563	35
272	151	985	0	993	336	790	599	459	974
1062	1010	708	993	0	1107	601	1173	606	673
66	188	860	336	1107	0	707	272	500	861
694	713	208	790	601	707	0	655	356	188
328	447	750	599	1173	272	655	0	595	762
458	425	563	459	606	500	356	595	0	545
856	889	35	974	673	861	188	762	545	0
0	5	7	6	2	9	4	8	3	1
3247
666	905
544	915
801	57
398	956
94	10
732	915
661	211
973	788
452	500
766	54
