466
10
0	476	849	207	787	624	484	645	856	631
476	0	888	562	765	744	693	173	381	526
849	888	0	1056	143	234	394	998	1059	375
207	562	1056	0	993	830	686	710	934	828
787	765	143	993	0	239	388	865	917	241
624	744	234	830	239	0	161	881	987	319
484	693	394	686	388	161	0	848	987	387
645	173	998	710	865	881	848	0	225	624
856	381	1059	934	917	987	987	225	0	689
631	526	375	828	241	319	387	624	689	0
0	3	1	7	8	9	4	2	5	6
3119
255	160
105	612
993	580
79	50
869	653
824	418
721	294
10	757
13	982
628	670
