4007
10
0	344	589	596	133	445	179	766	932	787
344	0	389	843	219	478	391	872	914	822
589	389	0	808	526	332	499	663	582	548
596	843	808	0	706	475	458	380	703	524
133	219	526	706	0	465	255	827	949	821
445	478	332	475	465	0	280	395	488	356
179	391	499	458	255	280	0	587	760	609
766	872	663	380	827	395	587	0	335	173
932	914	582	703	949	488	760	335	0	180
787	822	548	524	821	356	609	173	180	0
0	4	1	2	8	9	7	3	5	6
2990
25	229
292	12
614	231
65	824
100	118
393	480
135	371
442	872
768	793
588	779
