309
10
0	111	849	793	556	215	521	749	847	171
111	0	783	785	467	107	582	693	859	124
849	783	0	445	361	768	807	124	608	887
793	785	445	0	600	830	482	348	163	910
556	467	361	600	0	426	730	323	744	552
215	107	768	830	426	0	676	692	920	127
521	582	807	482	730	676	0	683	436	688
749	693	124	348	323	692	683	0	510	805
847	859	608	163	744	920	436	510	0	983
171	124	887	910	552	127	688	805	983	0
0	1	9	5	4	2	7	3	8	6
2741
398	74
311	144
392	923
805	755
224	603
209	177
878	278
463	821
961	707
228	51
