7897
10
0	164	83	243	784	468	826	641	713	563
164	0	226	284	704	427	709	513	612	411
83	226	0	313	765	439	829	655	707	598
243	284	313	0	987	692	992	792	897	670
784	704	765	987	0	332	215	303	133	472
468	427	439	692	332	0	447	345	307	417
826	709	829	992	215	447	0	203	142	366
641	513	655	792	303	345	203	0	169	174
713	612	707	897	133	307	142	169	0	340
563	411	598	670	472	417	366	174	340	0
0	2	5	4	8	6	7	9	1	3
2444
382	60
371	224
449	11
139	59
999	544
795	282
877	722
704	615
870	580
530	604
