7515
10
0	216	734	980	1049	528	386	159	60	88
216	0	518	771	842	475	171	230	274	154
734	518	0	346	428	721	348	716	793	669
980	771	346	0	81	766	624	914	1033	900
1049	842	428	81	0	801	700	974	1100	966
528	475	721	766	801	0	529	372	542	451
386	171	348	624	700	529	0	388	445	325
159	230	716	914	974	372	388	0	170	103
60	274	793	1033	1100	542	445	170	0	134
88	154	669	900	966	451	325	103	134	0
0	8	7	5	4	3	2	6	1	9
2591
775	937
596	815
145	559
112	214
101	133
852	414
439	746
825	786
832	956
746	853
