8890
10
0	257	263	636	81	603	482	286	600	211
257	0	19	570	258	412	436	524	779	82
263	19	0	551	269	394	418	534	772	100
636	570	551	0	704	328	154	889	640	636
81	258	269	704	0	641	551	265	673	191
603	412	394	328	641	0	314	889	872	495
482	436	418	154	551	314	0	737	564	496
286	524	534	889	265	889	737	0	641	456
600	779	772	640	673	872	564	641	0	779
211	82	100	636	191	495	496	456	779	0
0	4	7	8	6	3	5	2	1	9
2739
326	566
440	797
459	793
962	567
259	612
845	874
808	562
86	410
606	35
360	775
