1769
10
0	986	603	751	558	495	229	93	347	262
986	0	382	295	837	761	832	1064	691	1099
603	382	0	200	569	465	461	682	326	733
751	295	200	0	768	466	566	838	423	913
558	837	569	768	0	850	643	562	626	441
495	761	465	466	850	0	269	586	223	746
229	832	461	566	643	269	0	322	143	477
93	1064	682	838	562	586	322	0	439	196
347	691	326	423	626	223	143	439	0	563
262	1099	733	913	441	746	477	196	563	0
0	7	9	4	1	3	2	8	5	6
3109
708	934
150	121
363	439
164	416
932	422
215	880
484	884
795	968
406	763
961	863
