519
10
0	211	340	309	674	542	561	661	419	367
211	0	452	486	545	436	723	492	474	379
340	452	0	168	602	463	294	672	133	191
309	486	168	0	754	612	253	806	301	345
674	545	602	754	0	142	869	163	492	411
542	436	463	612	142	0	737	230	360	271
561	723	294	253	869	737	0	958	376	474
661	492	672	806	163	230	958	0	584	484
419	474	133	301	492	360	376	584	0	113
367	379	191	345	411	271	474	484	113	0
0	1	7	4	5	9	8	2	6	3
2381
913	742
756	883
774	431
942	434
239	708
376	668
930	181
264	870
641	423
611	532
