3270
10
0	309	488	667	191	307	368	138	828	474
309	0	360	551	241	50	147	429	587	197
488	360	0	194	550	410	215	624	381	509
667	551	194	0	743	601	404	799	338	684
191	241	550	743	0	208	366	241	826	335
307	50	410	601	208	0	197	416	629	173
368	147	215	404	366	197	0	504	467	301
138	429	624	799	241	416	504	0	966	569
828	587	381	338	826	629	467	966	0	622
474	197	509	684	335	173	301	569	622	0
0	7	4	9	8	3	2	6	1	5
2587
731	151
430	225
496	579
489	773
579	35
424	175
436	372
820	45
152	743
257	129
