4655
10
0	315	923	843	597	981	417	838	180	715
315	0	835	530	282	759	381	916	137	536
923	835	0	860	834	429	507	464	877	348
843	530	860	0	251	523	693	1168	667	525
597	282	834	251	0	613	524	1048	419	487
981	759	429	523	613	0	618	862	860	281
417	381	507	693	524	618	0	539	382	336
838	916	464	1168	1048	862	539	0	886	663
180	137	877	667	419	860	382	886	0	614
715	536	348	525	487	281	336	663	614	0
0	8	1	4	3	5	2	7	9	6
3682
134	902
95	589
909	399
119	59
80	307
642	62
471	656
971	859
95	726
567	333
