9313
10
0	551	754	578	562	466	640	690	359	300
551	0	605	225	112	583	751	898	301	447
754	605	0	826	494	336	325	492	793	454
578	225	826	0	337	757	939	1071	227	588
562	112	494	337	0	504	660	815	379	396
466	583	336	757	504	0	191	315	634	193
640	751	325	939	660	191	0	171	825	384
690	898	492	1071	815	315	171	0	933	489
359	301	793	227	379	634	825	933	0	445
300	447	454	588	396	193	384	489	445	0
0	9	5	7	6	2	4	1	3	8
2721
428	879
964	749
734	189
999	972
937	640
485	416
412	239
242	214
772	982
542	601
