1813
10
0	575	920	199	1211	732	454	398	791	1097
575	0	345	390	759	576	143	202	760	668
920	345	0	735	578	710	473	534	914	534
199	390	735	0	1083	683	289	244	791	975
1211	759	578	1083	0	597	800	838	745	119
732	576	710	683	597	0	498	490	204	482
454	143	473	289	800	498	0	61	662	696
398	202	534	244	838	490	61	0	640	731
791	760	914	791	745	204	662	640	0	638
1097	668	534	975	119	482	696	731	638	0
0	3	7	6	1	2	4	9	5	8
3166
927	47
743	592
612	912
923	246
35	867
242	306
719	451
725	390
140	129
98	766
