9249
10
0	680	671	1068	635	338	825	589	403	913
680	0	387	796	117	679	161	249	440	252
671	387	0	452	272	477	518	156	271	592
1068	796	452	0	696	783	881	604	674	928
635	117	272	696	0	585	268	132	341	354
338	679	477	783	585	0	841	478	244	931
825	161	518	881	268	841	0	399	602	90
589	249	156	604	132	478	399	0	235	482
403	440	271	674	341	244	602	235	0	691
913	252	592	928	354	931	90	482	691	0
0	5	3	2	9	6	1	4	7	8
3303
388	47
217	706
604	683
979	937
332	680
683	212
105	823
456	633
550	417
51	896
