8461
10
0	824	671	923	348	494	928	327	603	372
824	0	475	676	867	433	646	531	459	500
671	475	0	286	520	202	277	557	71	566
923	676	286	0	693	487	39	843	355	853
348	867	520	693	0	438	710	539	475	581
494	433	202	487	438	0	480	356	131	368
928	646	277	39	710	480	0	834	348	842
327	531	557	843	539	356	834	0	487	46
603	459	71	355	475	131	348	487	0	498
372	500	566	853	581	368	842	46	498	0
0	7	9	1	6	3	2	8	5	4
2832
509	978
103	260
576	310
758	89
797	781
474	485
722	74
258	768
548	376
216	748
