827
10
0	530	506	76	616	545	291	111	796	280
530	0	478	495	523	644	806	640	549	807
506	478	0	430	109	175	770	564	316	730
76	495	430	0	540	472	356	156	723	334
616	523	109	540	0	212	879	674	220	839
545	644	175	472	212	0	765	570	425	712
291	806	770	356	879	765	0	206	1075	71
111	640	564	156	674	570	206	0	869	177
796	549	316	723	220	425	1075	869	0	1040
280	807	730	334	839	712	71	177	1040	0
0	6	9	7	3	5	2	4	8	1
2750
759	330
824	856
383	670
699	377
311	753
258	547
840	50
728	223
287	972
769	50
