7836
10
0	648	508	200	869	608	654	643	110	122
648	0	248	488	576	641	275	29	548	755
508	248	0	417	775	398	151	267	398	628
200	488	417	0	671	650	567	478	163	278
869	576	775	671	0	1166	848	546	827	912
608	641	398	650	1166	0	402	663	526	716
654	275	151	567	848	402	0	303	544	776
643	29	267	478	546	663	303	0	546	748
110	548	398	163	827	526	544	546	0	231
122	755	628	278	912	716	776	748	231	0
0	9	3	4	7	1	2	6	5	8
3083
132	273
726	533
496	628
331	245
959	6
186	879
570	760
733	504
208	353
62	173
