3368
10
0	937	706	941	906	246	487	80	759	570
937	0	734	94	175	763	589	977	465	585
706	734	0	805	841	466	810	784	273	208
941	94	805	0	88	787	552	973	543	643
906	175	841	88	0	772	489	932	590	665
246	763	466	787	772	0	474	322	518	324
487	589	810	552	489	474	0	486	685	603
80	977	784	973	932	322	486	0	827	643
759	465	273	543	590	518	685	827	0	204
570	585	208	643	665	324	603	643	204	0
0	7	6	4	3	1	8	2	9	5
2753
831	842
153	194
885	138
89	263
70	349
802	597
352	749
808	919
612	115
732	280
