4470
10
0	480	94	184	158	810	787	743	660	321
480	0	404	659	354	515	411	380	183	739
94	404	0	276	64	781	741	699	580	413
184	659	276	0	340	930	931	886	841	186
158	354	64	340	0	765	712	671	525	476
810	515	781	930	765	0	160	157	529	902
787	411	741	931	712	160	0	45	385	935
743	380	699	886	671	157	45	0	373	890
660	183	580	841	525	529	385	373	0	921
321	739	413	186	476	902	935	890	921	0
0	3	9	5	6	7	8	1	4	2
2545
889	603
575	239
875	510
964	772
862	447
97	433
167	289
203	317
489	77
855	923
