4303
10
0	96	781	415	744	95	421	641	935	516
96	0	689	346	709	152	354	557	840	435
781	689	0	639	988	834	649	534	382	553
415	346	639	0	412	386	12	250	619	128
744	709	988	412	0	674	400	461	820	443
95	152	834	386	674	0	390	628	952	502
421	354	649	12	400	390	0	251	623	132
641	557	534	250	461	628	251	0	391	126
935	840	382	619	820	952	623	391	0	491
516	435	553	128	443	502	132	126	491	0
0	5	4	8	2	7	9	6	3	1
3217
162	764
249	723
932	631
340	389
155	20
100	692
333	379
552	255
943	249
460	342
