5656
10
0	453	388	104	514	195	535	881	273	262
453	0	68	488	408	470	270	647	689	658
388	68	0	420	410	403	264	651	621	590
104	488	420	0	609	105	514	831	202	177
514	408	410	609	0	661	673	1055	785	777
195	470	403	105	661	0	443	735	240	200
535	270	264	514	673	443	0	389	683	641
881	647	651	831	1055	735	389	0	950	903
273	689	621	202	785	240	683	950	0	47
262	658	590	177	777	200	641	903	47	0
0	3	8	9	5	7	6	2	1	4
2931
161	449
598	572
539	538
165	345
378	916
238	269
679	314
928	15
1	227
46	213
