4505
10
0	31	923	582	251	333	639	443	587	267
31	0	953	609	271	362	665	460	615	298
923	953	0	411	847	594	713	679	607	657
582	609	411	0	605	262	689	268	569	352
251	271	847	605	0	350	401	576	374	259
333	362	594	262	350	0	540	266	437	91
639	665	713	689	401	540	0	806	120	490
443	460	679	268	576	266	806	0	700	336
587	615	607	569	374	437	120	700	0	399
267	298	657	352	259	91	490	336	399	0
0	1	4	6	8	2	3	7	5	9
2733
370	235
358	206
914	981
842	576
249	455
599	477
212	855
807	310
328	821
508	464
