7556
10
0	265	638	574	542	251	678	664	232	702
265	0	376	477	276	280	441	406	391	475
638	376	0	501	118	550	169	51	702	377
574	477	501	0	517	329	380	476	452	832
542	276	118	517	0	492	260	165	635	316
251	280	550	329	492	0	527	557	157	749
678	441	169	380	260	527	0	122	684	547
664	406	51	476	165	557	122	0	712	426
232	391	702	452	635	157	684	712	0	866
702	475	377	832	316	749	547	426	866	0
0	8	5	3	6	7	2	4	9	1
2445
481	808
501	543
450	170
33	448
518	267
260	687
281	160
403	148
251	844
827	197
