5460
10
0	316	642	311	771	948	855	164	537	230
316	0	356	249	489	677	567	252	244	428
642	356	0	396	132	321	213	609	349	657
311	249	396	0	510	666	596	375	473	261
771	489	132	510	0	191	86	741	454	771
948	677	321	666	191	0	136	929	639	921
855	567	213	596	86	136	0	819	506	857
164	252	609	375	741	929	819	0	420	385
537	244	349	473	454	639	506	420	0	672
230	428	657	261	771	921	857	385	672	0
0	7	1	8	2	4	6	5	3	9
2520
635	964
776	681
724	328
527	672
712	196
647	16
741	115
797	933
987	558
412	907
