3491
10
0	175	575	700	306	401	543	603	486	626
175	0	516	550	216	257	379	428	374	463
575	516	0	393	299	694	424	585	203	447
700	550	393	0	414	570	192	301	258	129
306	216	299	414	0	415	300	424	180	372
401	257	694	570	415	0	379	320	506	447
543	379	424	192	300	379	0	161	226	84
603	428	585	301	424	320	161	0	385	173
486	374	203	258	180	506	226	385	0	265
626	463	447	129	372	447	84	173	265	0
0	1	5	7	6	9	3	8	2	4
2192
774	857
711	693
203	784
249	393
497	725
816	458
438	430
536	302
341	635
377	372
