5574
10
0	433	326	382	267	892	479	497	785	335
433	0	333	321	194	600	284	241	588	370
326	333	0	60	176	928	558	223	888	36
382	321	60	0	196	922	568	172	894	77
267	194	176	196	0	763	382	242	713	210
892	600	928	922	763	0	413	820	196	965
479	284	558	568	382	413	0	524	331	593
497	241	223	172	242	820	524	0	827	249
785	588	888	894	713	196	331	827	0	923
335	370	36	77	210	965	593	249	923	0
0	4	2	9	3	7	1	5	8	6
2575
179	511
605	589
342	794
391	829
416	634
982	121
612	305
563	827
805	36
314	818
