6227
10
0	413	189	568	397	93	843	111	380	317
413	0	329	441	261	419	633	307	315	669
189	329	0	378	218	126	654	177	446	343
568	441	378	0	201	495	279	532	721	607
397	261	218	201	0	344	454	342	521	527
93	419	126	495	344	0	774	160	450	259
843	633	654	279	454	774	0	796	942	877
111	307	177	532	342	160	796	0	290	416
380	315	446	721	521	450	942	290	0	698
317	669	343	607	527	259	877	416	698	0
0	5	9	2	3	6	4	1	8	7
2783
680	719
273	645
589	553
403	223
413	424
692	626
217	14
569	729
373	944
931	524
