4939
10
0	166	1001	610	408	691	438	755	373	185
166	0	1000	759	481	753	593	894	521	348
1001	1000	0	924	635	427	1284	881	1265	979
610	759	924	0	426	497	517	164	552	432
408	481	635	426	0	283	651	498	629	344
691	753	427	497	283	0	885	472	878	612
438	593	1284	517	651	885	0	678	80	329
755	894	881	164	498	472	678	0	716	584
373	521	1265	552	629	878	80	716	0	291
185	348	979	432	344	612	329	584	291	0
0	1	4	2	5	7	3	6	8	9
3418
917	482
976	326
15	47
443	867
510	446
228	418
958	919
280	888
995	847
803	628
