2630
10
0	589	174	378	783	474	480	630	739	552
589	0	763	679	302	196	343	324	359	505
174	763	0	428	949	642	631	786	895	670
378	679	428	0	959	673	379	521	962	872
783	302	949	959	0	309	644	615	127	438
474	196	642	673	309	0	426	471	289	318
480	343	631	379	644	426	0	157	684	719
630	324	786	521	615	471	157	0	683	786
739	359	895	962	127	289	684	683	0	324
552	505	670	872	438	318	719	786	324	0
0	2	3	6	7	1	4	8	9	5
3007
805	592
224	493
977	619
718	960
121	209
382	376
373	802
216	817
224	134
547	104
