4848
10
0	138	304	155	229	470	905	726	992	955
138	0	205	258	167	350	806	588	866	818
304	205	0	451	350	173	881	481	868	763
155	258	451	0	244	608	894	830	1028	1026
229	167	350	244	0	457	677	611	786	784
470	350	173	608	457	0	847	331	776	634
905	806	881	894	677	847	0	669	308	518
726	588	481	830	611	331	669	0	500	312
992	866	868	1028	786	776	308	500	0	243
955	818	763	1026	784	634	518	312	243	0
0	3	4	6	8	9	7	5	2	1
2786
772	53
652	123
468	32
910	124
719	276
303	86
488	913
113	358
185	853
35	661
