9766
10
0	624	238	458	113	429	402	245	366	253
624	0	528	218	730	547	493	689	257	707
238	528	0	443	340	572	527	467	305	479
458	218	443	0	552	332	276	479	143	496
113	730	340	552	0	458	444	215	473	216
429	547	572	332	458	0	58	271	396	282
402	493	527	276	444	58	0	277	338	291
245	689	467	479	215	271	277	0	457	17
366	257	305	143	473	396	338	457	0	475
253	707	479	496	216	282	291	17	475	0
0	4	9	7	5	6	3	1	8	2
1969
602	857
285	319
364	842
482	414
694	924
808	480
750	483
823	751
416	541
837	761
