9287
10
0	602	358	650	500	763	268	207	497	300
602	0	691	426	377	314	568	454	395	313
358	691	0	914	771	694	134	507	367	412
650	426	914	0	149	740	781	442	749	515
500	377	771	149	0	686	638	293	637	383
763	314	694	740	686	0	612	684	327	474
268	568	134	781	638	612	0	383	293	279
207	454	507	442	293	684	383	0	497	224
497	395	367	749	637	327	293	497	0	279
300	313	412	515	383	474	279	224	279	0
0	6	2	8	5	1	3	4	9	7
2799
459	201
384	799
102	168
808	750
721	628
76	862
198	262
563	381
90	535
365	486
