9202
10
0	301	380	590	356	293	443	421	344	163
301	0	678	542	282	565	286	446	163	457
380	678	0	777	638	273	748	596	714	253
590	542	777	0	266	857	275	183	706	715
356	282	638	266	0	644	113	174	443	504
293	565	273	857	644	0	736	677	539	142
443	286	748	275	113	736	0	257	448	600
421	446	596	183	174	677	257	0	600	535
344	163	714	706	443	539	448	600	0	467
163	457	253	715	504	142	600	535	467	0
0	9	5	2	7	3	4	6	1	8
2529
566	551
466	267
751	883
995	145
748	245
482	832
720	135
911	308
311	320
562	714
