5722
10
0	479	105	633	552	365	641	451	551	465
479	0	379	855	354	137	893	50	462	831
105	379	0	628	455	260	645	348	469	504
633	855	628	0	597	725	59	805	476	280
552	354	455	597	0	290	649	310	128	683
365	137	260	725	290	0	761	94	372	693
641	893	645	59	649	761	0	844	529	249
451	50	348	805	310	94	844	0	415	786
551	462	469	476	128	372	529	415	0	591
465	831	504	280	683	693	249	786	591	0
0	2	5	1	7	4	8	3	6	9
2239
369	522
554	80
437	441
905	860
857	264
570	217
878	913
580	123
903	384
629	908
