1811
10
0	367	300	658	226	276	943	851	697	749
367	0	445	361	297	475	646	500	340	401
300	445	0	804	491	60	804	932	770	702
658	361	804	0	472	829	771	247	190	475
226	297	491	472	0	484	942	695	559	695
276	475	60	829	484	0	863	969	807	754
943	646	804	771	942	863	0	651	586	296
851	500	932	247	695	969	651	0	161	384
697	340	770	190	559	807	586	161	0	293
749	401	702	475	695	754	296	384	293	0
0	4	1	3	7	8	9	6	2	5
3021
947	337
585	401
859	50
409	717
848	541
918	62
55	31
165	673
289	569
199	290
