1637
10
0	476	897	687	745	704	266	317	424	289
476	0	871	298	560	869	228	530	138	422
897	871	0	699	355	351	784	587	740	614
687	298	699	0	346	814	424	597	267	503
745	560	355	346	0	544	546	508	449	468
704	869	351	814	544	0	700	398	731	481
266	228	784	424	546	700	0	324	158	222
317	530	587	597	508	398	324	0	408	108
424	138	740	267	449	731	158	408	0	300
289	422	614	503	468	481	222	108	300	0
0	6	8	1	3	4	2	5	7	9
2707
889	655
536	975
106	217
247	902
148	570
441	111
653	779
643	455
507	840
616	560
