678
10
0	162	567	764	695	756	225	902	234	854
162	0	715	733	792	743	344	876	339	982
567	715	0	866	357	804	384	950	401	328
764	733	866	0	606	83	648	143	616	888
695	792	357	606	0	529	470	653	462	283
756	743	804	83	529	0	617	154	587	809
225	344	384	648	470	617	0	771	31	639
902	876	950	143	653	154	771	0	741	925
234	339	401	616	462	587	31	741	0	643
854	982	328	888	283	809	639	925	643	0
0	1	3	7	5	4	9	2	6	8
2981
740	887
902	882
228	642
940	149
355	308
857	140
607	705
934	6
628	681
75	351
