4404
10
0	842	456	134	615	119	264	343	823	852
842	0	392	753	457	811	895	498	409	260
456	392	0	361	283	446	513	122	435	414
134	753	361	0	485	214	201	266	695	735
615	457	283	485	0	652	538	374	212	298
119	811	446	214	652	0	380	324	851	858
264	895	513	201	538	380	0	445	748	825
343	498	122	266	374	324	445	0	548	536
823	409	435	695	212	851	748	548	0	160
852	260	414	735	298	858	825	536	160	0
0	5	7	2	1	9	8	4	6	3
2462
149	368
984	479
592	478
231	474
623	760
202	261
101	628
490	410
815	852
920	731
