7933
10
0	749	816	721	277	385	421	401	502	617
749	0	534	348	566	771	453	557	449	153
816	534	0	851	813	1054	793	421	317	591
721	348	851	0	454	565	303	722	664	261
277	566	813	454	0	240	151	474	509	415
385	771	1054	565	240	0	317	698	747	617
421	453	793	303	151	317	0	523	519	299
401	557	421	722	474	698	523	0	133	496
502	449	317	664	509	747	519	133	0	417
617	153	591	261	415	617	299	496	417	0
0	5	4	6	3	9	1	2	8	7
2878
524	945
590	198
61	272
910	336
720	749
907	901
779	610
257	645
269	512
649	340
