937
10
0	874	987	798	663	301	449	996	288	845
874	0	119	97	444	807	984	187	800	739
987	119	0	215	552	926	1069	110	919	763
798	97	215	0	348	713	945	282	707	761
663	444	552	348	0	462	969	630	462	986
301	807	926	713	462	0	737	968	15	1023
449	984	1069	945	969	737	0	1030	722	573
996	187	110	282	630	968	1030	0	960	677
288	800	919	707	462	15	722	960	0	1008
845	739	763	761	986	1023	573	677	1008	0
0	8	5	4	3	1	2	7	9	6
3138
603	946
176	183
157	65
163	280
34	604
303	980
996	728
254	13
316	971
915	160
