3343
10
0	752	737	606	353	521	575	852	489	132
752	0	938	781	403	317	205	305	741	712
737	938	0	165	706	638	911	1209	262	606
606	781	165	0	541	475	746	1046	117	474
353	403	706	541	0	193	254	563	453	311
521	317	638	475	193	0	280	570	425	442
575	205	911	746	254	280	0	311	678	559
852	305	1209	1046	563	570	311	0	985	858
489	741	262	117	453	425	678	985	0	356
132	712	606	474	311	442	559	858	356	0
0	9	8	2	3	5	1	7	6	4
2930
752	916
585	182
15	927
151	832
632	583
469	478
714	342
870	72
267	852
621	894
