4342
10
0	287	951	558	326	316	551	368	563	855
287	0	669	332	138	29	387	133	315	698
951	669	0	456	643	639	565	651	418	880
558	332	456	0	233	309	133	407	59	904
326	138	643	233	0	132	256	262	238	824
316	29	639	309	132	0	371	130	289	693
551	387	565	133	256	371	0	489	192	1018
368	133	651	407	262	130	489	0	372	564
563	315	418	59	238	289	192	372	0	850
855	698	880	904	824	693	1018	564	850	0
0	4	6	3	8	2	9	7	5	1
3082
38	118
278	277
908	504
594	173
361	166
306	287
584	40
263	410
590	232
158	965
