7183
10
0	457	645	367	235	219	602	433	600	641
457	0	840	623	547	520	363	314	177	283
645	840	0	278	410	861	632	544	853	781
367	623	278	0	132	584	529	382	682	649
235	547	410	132	0	452	535	368	637	629
219	520	861	584	452	0	764	608	691	765
602	363	632	529	535	764	0	173	266	157
433	314	544	382	368	608	173	0	311	266
600	177	853	682	637	691	266	311	0	131
641	283	781	649	629	765	157	266	131	0
0	5	1	8	9	6	7	2	3	4
2566
781	207
799	664
138	145
415	173
547	178
999	184
437	702
508	544
685	800
554	807
