5304
10
0	843	755	231	845	849	719	567	632	505
843	0	396	780	964	950	1004	275	289	875
755	396	0	592	575	559	641	381	528	565
231	780	592	0	614	618	496	526	642	281
845	964	575	614	0	20	184	851	1013	348
849	950	559	618	20	0	201	841	1003	355
719	1004	641	496	184	201	0	842	999	215
567	275	381	526	851	841	842	0	162	675
632	289	528	642	1013	1003	999	162	0	823
505	875	565	281	348	355	215	675	823	0
0	3	9	6	4	5	2	1	8	7
2904
78	226
417	998
671	694
309	225
922	176
927	196
778	61
294	751
167	852
576	137
