7862
10
0	363	864	279	152	558	353	29	536	634
363	0	734	154	502	710	17	345	209	306
864	734	0	864	1000	577	721	874	871	556
279	154	864	0	392	745	158	253	262	460
152	502	1000	392	0	626	495	160	654	784
558	710	577	745	626	0	692	584	917	779
353	17	721	158	495	692	0	336	226	306
29	345	874	253	160	584	336	0	512	624
536	209	871	262	654	917	226	512	0	342
634	306	556	460	784	779	306	624	342	0
0	4	5	2	9	8	1	6	3	7
2919
332	882
695	862
759	130
594	979
202	961
219	335
684	848
352	904
856	996
927	661
