4921
10
0	98	363	863	806	881	368	213	928	593
98	0	291	782	709	792	288	115	849	510
363	291	0	503	523	783	43	215	566	236
863	782	503	0	355	835	494	679	72	271
806	709	523	355	0	483	488	593	413	345
881	792	783	835	483	0	740	705	896	732
368	288	43	494	488	740	0	198	560	224
213	115	215	679	593	705	198	0	748	409
928	849	566	72	413	896	560	748	0	339
593	510	236	271	345	732	224	409	339	0
0	1	7	5	4	8	3	9	6	2
2787
168	2
213	90
100	359
88	862
430	765
861	546
142	370
246	201
48	923
130	594
