3456
10
0	297	178	811	290	156	363	301	794	484
297	0	178	672	448	286	613	227	568	382
178	178	0	645	271	108	438	317	616	320
811	672	645	0	650	664	854	899	269	326
290	448	271	650	0	170	218	562	729	358
156	286	108	664	170	0	331	394	676	339
363	613	438	854	218	331	0	664	947	576
301	227	317	899	562	394	664	0	786	600
794	568	616	269	729	676	947	786	0	372
484	382	320	326	358	339	576	600	372	0
0	7	1	8	3	9	4	6	5	2
2884
362	201
515	456
354	379
67	957
92	307
262	322
12	104
654	276
334	995
187	653
