4573
10
0	969	671	848	995	466	428	913	731	919
969	0	738	307	580	619	552	313	475	111
671	738	0	856	388	270	435	479	265	632
848	307	856	0	822	648	511	559	628	373
995	580	388	822	0	529	629	269	279	473
466	619	270	648	529	0	169	469	266	535
428	552	435	511	629	169	0	494	350	493
913	313	479	559	269	469	494	0	226	204
731	475	265	628	279	266	350	226	0	367
919	111	632	373	473	535	493	204	367	0
0	6	3	1	9	7	4	8	2	5
3110
972	185
391	961
302	228
697	988
30	506
539	359
659	478
217	700
309	493
346	859
