9830
10
0	24	347	814	685	104	191	698	340	593
24	0	364	810	702	95	190	680	362	578
347	364	0	660	338	328	265	799	126	636
814	810	660	0	655	716	623	544	787	406
685	702	338	655	0	656	575	998	393	820
104	95	328	716	656	0	102	604	359	491
191	190	265	623	575	102	0	577	330	441
698	680	799	544	998	604	577	0	896	178
340	362	126	787	393	359	330	896	0	742
593	578	636	406	820	491	441	178	742	0
0	1	5	6	7	9	3	4	2	8
2841
678	100
656	90
790	429
230	780
885	754
596	164
581	265
4	285
897	361
155	380
