137
10
0	263	264	83	361	703	930	563	240	903
263	0	97	336	123	804	1004	582	105	736
264	97	0	347	104	880	1087	670	194	827
83	336	347	0	441	644	875	533	293	925
361	123	104	441	0	924	1120	693	225	772
703	804	880	644	924	0	234	279	699	811
930	1004	1087	875	1120	234	0	430	898	845
563	582	670	533	693	279	430	0	477	566
240	105	194	293	225	699	898	477	0	682
903	736	827	925	772	811	845	566	682	0
0	3	7	5	6	9	8	1	4	2
3252
451	64
214	179
187	85
534	76
97	139
891	613
978	831
612	604
295	247
136	911
