7150
10
0	744	786	714	373	129	593	515	686	305
744	0	92	190	953	616	253	614	193	589
786	92	0	134	962	661	237	590	285	660
714	190	134	0	850	596	125	459	359	639
373	953	962	850	0	452	728	448	960	670
129	616	661	596	452	0	478	469	558	225
593	253	237	125	728	478	0	361	368	547
515	614	590	459	448	469	361	0	700	658
686	193	285	359	960	558	368	700	0	465
305	589	660	639	670	225	547	658	465	0
0	5	9	8	1	2	3	6	7	4
2545
435	920
798	270
743	196
612	228
64	878
512	816
554	339
212	455
912	426
734	856
