4975
10
0	195	550	1008	269	619	261	625	638	739
195	0	604	895	106	662	85	445	574	757
550	604	0	743	710	73	577	735	361	212
1008	895	743	0	948	707	812	570	405	617
269	106	710	948	0	767	152	448	655	858
619	662	73	707	767	0	629	756	347	141
261	85	577	812	152	629	0	366	503	711
625	445	735	570	448	756	366	0	461	773
638	574	361	405	655	347	503	461	0	321
739	757	212	617	858	141	711	773	321	0
0	1	4	6	7	3	8	9	5	2
2879
215	230
197	425
765	218
928	943
103	475
834	242
255	488
367	837
750	579
948	326
