2911
10
0	127	751	531	782	466	679	289	46	52
127	0	627	541	696	530	557	257	170	147
751	627	0	993	424	958	84	610	796	774
531	541	993	0	1204	981	955	796	512	480
782	696	424	1204	0	755	373	515	827	826
466	530	958	981	755	0	873	361	473	510
679	557	84	955	373	873	0	525	724	704
289	257	610	796	515	361	525	0	328	340
46	170	796	512	827	473	724	328	0	42
52	147	774	480	826	510	704	340	42	0
0	1	7	5	4	6	2	3	9	8
3518
540	751
519	625
577	0
13	818
987	109
993	864
615	76
772	578
525	795
491	770
