1112
10
0	308	905	97	654	627	747	794	569	812
308	0	851	371	805	720	497	550	413	522
905	851	0	851	561	424	607	587	458	786
97	371	851	0	561	544	762	806	558	846
654	805	561	561	0	153	902	917	645	1062
627	720	424	544	153	0	758	770	505	923
747	497	607	762	902	758	0	54	259	180
794	550	587	806	917	770	54	0	283	201
569	413	458	558	645	505	259	283	0	418
812	522	786	846	1062	923	180	201	418	0
0	3	4	5	2	7	9	6	8	1
3183
898	184
937	490
93	599
811	141
255	61
271	214
630	882
588	916
550	635
777	987
