6403
10
0	792	183	770	586	388	625	435	139	511
792	0	872	259	310	519	174	688	696	511
183	872	0	897	615	547	720	347	314	483
770	259	897	0	481	408	232	810	644	663
586	310	615	481	0	475	251	380	535	200
388	519	547	408	475	0	348	604	250	546
625	174	720	232	251	348	0	585	523	432
435	688	347	810	380	604	585	0	485	187
139	696	314	644	535	250	523	485	0	510
511	511	483	663	200	546	432	187	510	0
0	8	5	3	1	6	4	9	7	2
2398
873	779
82	734
946	611
132	989
333	551
540	979
248	788
678	390
765	868
496	434
