8080
10
0	715	784	652	657	482	695	511	350	202
715	0	218	755	1009	341	704	582	423	791
784	218	0	630	920	521	560	492	566	807
652	755	630	0	314	820	93	194	749	508
657	1009	920	314	0	986	406	431	883	458
482	341	521	820	986	0	807	626	132	630
695	704	560	93	406	807	0	195	748	570
511	582	492	194	431	626	195	0	558	415
350	423	566	749	883	132	748	558	0	504
202	791	807	508	458	630	570	415	504	0
0	9	4	3	6	7	2	1	5	8
2795
661	946
729	234
519	174
88	634
4	937
902	528
95	541
280	605
837	643
461	979
