3877
10
0	966	357	915	841	894	609	873	916	444
966	0	671	396	864	889	508	325	52	1116
357	671	0	558	555	607	251	521	625	464
915	396	558	0	496	511	308	82	394	896
841	864	555	496	0	53	430	545	846	584
894	889	607	511	53	0	473	567	873	628
609	508	251	308	430	473	0	281	474	621
873	325	521	82	545	567	281	0	318	894
916	52	625	394	846	873	474	318	0	1074
444	1116	464	896	584	628	621	894	1074	0
0	2	8	1	7	3	6	5	4	9
3303
287	60
12	987
357	411
408	967
829	704
867	741
401	659
333	932
15	935
726	129
