7828
10
0	767	85	101	640	448	349	209	628	685
767	0	716	865	343	500	887	824	679	501
85	716	0	155	626	365	298	286	543	601
101	865	155	0	741	513	318	247	662	745
640	343	626	741	0	605	886	609	845	725
448	500	365	513	605	0	407	618	249	236
349	887	298	318	886	407	0	553	430	582
209	824	286	247	609	618	553	0	823	853
628	679	543	662	845	249	430	823	0	205
685	501	601	745	725	236	582	853	205	0
0	2	6	5	8	9	1	4	7	3
3045
484	754
722	24
438	682
425	837
932	296
328	333
140	694
672	847
87	267
229	118
