3096
10
0	399	507	214	871	238	861	729	43	446
399	0	185	370	472	227	464	446	368	685
507	185	0	393	439	396	447	261	467	668
214	370	393	0	817	338	817	564	175	320
871	472	439	817	0	670	38	493	840	1107
238	227	396	338	670	0	655	654	228	644
861	464	447	817	38	655	0	519	832	1112
729	446	261	564	493	654	519	0	686	754
43	368	467	175	840	228	832	686	0	431
446	685	668	320	1107	644	1112	754	431	0
0	5	6	4	7	2	1	3	9	8
3034
835	444
462	300
328	428
684	596
34	101
686	258
58	71
120	587
794	459
811	890
