2973
10
0	690	757	624	215	995	876	251	331	957
690	0	82	494	508	456	304	438	640	269
757	82	0	571	566	475	232	507	721	220
624	494	571	0	591	462	799	474	347	639
215	508	566	591	0	875	664	118	409	778
995	456	475	462	875	0	671	770	789	359
876	304	232	799	664	671	0	642	910	334
251	438	507	474	118	770	642	0	327	706
331	640	721	347	409	789	910	327	0	869
957	269	220	639	778	359	334	706	869	0
0	8	3	5	9	6	2	1	7	4
2918
62	775
698	507
778	527
309	201
277	792
747	53
935	698
293	675
61	444
927	364
