2896
10
0	202	786	159	397	283	436	131	177	407
202	0	651	343	516	428	524	203	367	420
786	651	0	833	768	790	697	848	959	524
159	343	833	0	269	147	329	276	181	367
397	516	768	269	0	121	86	528	446	244
283	428	790	147	121	0	188	412	325	278
436	524	697	329	86	188	0	567	510	182
131	203	848	276	528	412	567	0	199	526
177	367	959	181	446	325	510	199	0	537
407	420	524	367	244	278	182	526	537	0
0	7	1	2	9	6	4	5	3	8
2403
729	740
533	789
37	366
831	618
805	350
820	471
732	304
719	871
900	786
561	369
