7635
10
0	705	590	641	498	598	509	1087	904	882
705	0	865	542	487	265	578	683	591	258
590	865	0	384	378	610	288	793	615	1119
641	542	384	0	146	278	148	466	276	799
498	487	378	146	0	232	91	593	407	743
598	265	610	278	232	0	321	539	392	523
509	578	288	148	91	321	0	614	425	834
1087	683	793	466	593	539	614	0	189	875
904	591	615	276	407	392	425	189	0	818
882	258	1119	799	743	523	834	875	818	0
0	9	1	5	7	8	3	4	6	2
3524
905	782
202	722
886	192
511	276
575	408
369	516
642	346
106	45
273	135
33	917
