8806
10
0	373	633	378	257	258	416	673	201	354
373	0	283	355	215	401	620	683	376	49
633	283	0	440	496	683	901	914	660	325
378	355	440	0	459	585	782	968	533	387
257	215	496	459	0	186	404	509	169	170
258	401	683	585	186	0	219	415	57	357
416	620	901	782	404	219	0	364	256	575
673	683	914	968	509	415	364	0	472	634
201	376	660	533	169	57	256	472	0	336
354	49	325	387	170	357	575	634	336	0
0	3	2	1	9	4	7	6	5	8
2670
286	726
652	651
919	746
554	993
466	542
295	468
110	349
322	53
297	525
622	612
