8051
10
0	512	984	68	354	566	897	1219	586	639
512	0	642	444	169	126	385	727	421	529
984	642	0	931	688	736	570	924	1056	1165
68	444	931	0	287	499	829	1151	538	599
354	169	688	287	0	265	548	896	467	566
566	126	736	499	265	0	368	652	320	429
897	385	570	829	548	368	0	401	639	737
1219	727	924	1151	896	652	401	0	785	846
586	421	1056	538	467	320	639	785	0	109
639	529	1165	599	566	429	737	846	109	0
0	3	4	1	5	8	9	7	6	2
3880
0	106
431	383
983	55
56	145
323	252
401	506
762	581
859	971
130	678
43	744
