8950
10
0	682	638	462	318	224	759	316	543	621
682	0	206	309	655	774	251	443	815	772
638	206	0	409	519	669	122	491	639	581
462	309	409	0	578	625	513	157	797	804
318	655	519	578	0	182	619	495	238	303
224	774	669	625	182	0	778	504	348	450
759	251	122	513	619	778	0	608	708	632
316	443	491	157	495	504	608	0	730	761
543	815	639	797	238	348	708	730	0	127
621	772	581	804	303	450	632	761	127	0
0	5	4	8	9	2	6	1	3	7
2507
364	725
875	272
692	177
800	572
239	432
175	603
736	63
675	668
60	274
111	157
