4021
10
0	748	394	282	453	394	805	627	669	330
748	0	359	466	356	511	389	463	143	596
394	359	0	118	112	223	535	444	276	352
282	466	118	0	210	251	574	441	394	266
453	356	112	210	0	157	608	544	236	462
394	511	223	251	157	0	755	666	382	515
805	389	535	574	608	755	0	212	502	513
627	463	444	441	544	666	212	0	527	313
669	143	276	394	236	382	502	527	0	581
330	596	352	266	462	515	513	313	581	0
0	3	2	5	4	8	1	6	7	9
2403
512	917
535	169
478	524
520	635
372	486
270	606
921	223
914	435
419	254
774	715
