6656
10
0	601	199	1194	309	854	383	860	1096	758
601	0	551	599	305	593	218	315	502	510
199	551	0	1148	331	673	360	850	1052	842
1194	599	1148	0	886	919	811	364	98	733
309	305	331	886	0	727	94	551	788	515
854	593	673	919	727	0	650	835	856	1103
383	218	360	811	94	650	0	492	713	525
860	315	850	364	551	835	492	0	272	401
1096	502	1052	98	788	856	713	272	0	655
758	510	842	733	515	1103	525	401	655	0
0	2	5	3	8	7	9	1	6	4
3693
953	879
491	494
774	967
121	22
761	636
101	941
668	622
449	181
193	89
847	128
