9989
10
0	699	861	451	932	819	928	525	125	1032
699	0	194	259	303	423	278	195	576	665
861	194	0	410	342	561	85	387	736	777
451	259	410	0	539	547	478	158	325	800
932	303	342	539	0	286	403	411	819	450
819	423	561	547	286	0	639	389	730	253
928	278	85	478	403	639	0	469	802	847
525	195	387	158	411	389	469	0	409	641
125	576	736	325	819	730	802	409	0	957
1032	665	777	800	450	253	847	641	957	0
0	8	3	7	1	2	6	4	9	5
3007
199	80
213	779
99	936
146	528
439	981
636	773
36	994
288	598
178	204
873	862
