5801
10
0	744	418	313	49	386	759	249	714	631
744	0	363	584	697	830	283	848	421	201
418	363	0	402	369	640	503	591	336	345
313	584	402	0	296	251	499	277	737	412
49	697	369	296	0	402	722	279	667	590
386	830	640	251	402	0	705	166	976	647
759	283	503	499	722	705	0	776	684	158
249	848	591	277	279	166	776	0	918	687
714	421	336	737	667	976	684	918	0	547
631	201	345	412	590	647	158	687	547	0
0	4	2	8	1	6	9	3	5	7
2694
876	784
454	171
747	386
565	745
861	737
553	996
244	362
718	977
863	70
402	366
