1462
10
0	717	727	113	151	502	397	751	404	605
717	0	625	665	581	321	324	54	832	112
727	625	0	773	597	372	532	601	491	575
113	665	773	0	177	498	362	704	506	557
151	581	597	177	0	350	256	610	375	468
502	321	372	498	350	0	171	324	516	232
397	324	532	362	256	171	0	354	546	211
751	54	601	704	610	324	354	0	840	147
404	832	491	506	375	516	546	840	0	729
605	112	575	557	468	232	211	147	729	0
0	3	4	6	9	1	7	5	2	8
2514
702	246
502	935
30	524
779	330
605	363
385	636
555	615
451	954
316	124
521	824
