1628
10
0	431	108	695	662	892	856	812	380	273
431	0	331	436	658	584	432	615	677	590
108	331	0	592	599	787	749	719	401	298
695	436	592	0	392	201	419	187	707	677
662	658	599	392	0	536	805	320	460	491
892	584	787	201	536	0	391	229	902	878
856	432	749	419	805	391	0	576	1022	959
812	615	719	187	320	229	576	0	735	733
380	677	401	707	460	902	1022	735	0	106
273	590	298	677	491	878	959	733	106	0
0	2	1	6	5	3	7	4	8	9
2809
0	652
373	869
107	672
691	570
506	224
891	598
792	977
773	401
48	275
40	381
