8417
10
0	405	408	241	463	222	846	467	581	605
405	0	657	384	591	525	887	465	605	473
408	657	0	272	175	600	508	330	336	510
241	384	272	0	245	463	616	227	342	380
463	591	175	245	0	680	385	173	162	343
222	525	600	463	680	0	1064	689	803	819
846	887	508	616	385	1064	0	428	286	451
467	465	330	227	173	689	428	0	141	182
581	605	336	342	162	803	286	141	0	227
605	473	510	380	343	819	451	182	227	0
0	5	1	9	7	8	6	4	2	3
2902
203	406
524	158
343	790
412	526
514	749
15	287
807	999
622	613
676	744
792	548
