6427
10
0	277	311	498	512	374	431	195	143	472
277	0	478	632	474	619	586	415	177	643
311	478	0	188	351	213	120	460	433	168
498	632	188	0	339	304	75	646	614	90
512	474	351	339	0	562	357	705	555	414
374	619	213	304	562	0	237	436	518	221
431	586	120	75	357	237	0	572	553	62
195	415	460	646	705	436	572	0	238	599
143	177	433	614	555	518	553	238	0	600
472	643	168	90	414	221	62	599	600	0
0	7	5	2	6	9	3	4	1	8
2249
238	769
503	852
232	458
254	271
575	383
19	465
220	338
90	896
328	881
169	302
