7107
10
0	428	753	731	741	532	614	781	742	271
428	0	366	313	563	288	340	378	342	603
753	366	0	120	818	578	585	59	44	963
731	313	120	0	705	477	476	85	75	915
741	563	818	705	0	275	235	790	776	687
532	288	578	477	275	0	82	562	540	574
614	340	585	476	235	82	0	561	544	649
781	378	59	85	790	562	561	0	39	980
742	342	44	75	776	540	544	39	0	944
271	603	963	915	687	574	649	980	944	0
0	9	4	6	5	3	7	2	8	1
2710
516	296
617	712
902	943
786	976
85	899
342	799
320	878
870	993
859	955
252	232
