3558
10
0	718	936	719	402	439	153	746	287	629
718	0	572	496	370	308	664	234	966	217
936	572	0	220	564	742	977	806	1055	767
719	496	220	0	366	579	770	717	836	651
402	370	564	366	0	248	415	501	610	395
439	308	742	579	248	0	361	310	713	192
153	664	977	770	415	361	0	647	428	535
746	234	806	717	501	310	647	0	1023	117
287	966	1055	836	610	713	428	1023	0	905
629	217	767	651	395	192	535	117	905	0
0	6	5	9	7	1	2	3	4	8
3112
607	259
572	977
0	972
115	784
447	628
687	691
741	334
806	978
451	18
761	869
