8361
10
0	266	392	324	685	822	878	409	469	481
266	0	504	403	493	558	777	195	206	387
392	504	0	104	616	923	624	699	683	342
324	403	104	0	539	825	605	598	579	268
685	493	616	539	0	399	375	586	458	274
822	558	923	825	399	0	759	507	378	608
878	777	624	605	375	759	0	919	808	402
409	195	699	598	586	507	919	0	140	555
469	206	683	579	458	378	808	140	0	475
481	387	342	268	274	608	402	555	475	0
0	1	7	8	5	4	6	9	3	2
2919
235	872
225	606
625	914
557	835
610	298
295	52
973	395
60	502
165	408
611	572
