4902
10
0	927	615	678	812	304	720	562	936	322
927	0	878	254	606	898	610	461	22	637
615	878	0	739	370	873	1075	437	871	679
678	254	739	0	570	648	449	303	267	383
812	606	370	570	0	981	1000	324	593	715
304	898	873	648	981	0	497	673	913	284
720	610	1075	449	1000	497	0	689	632	431
562	461	437	303	324	673	689	0	460	397
936	22	871	267	593	913	632	460	0	650
322	637	679	383	715	284	431	397	650	0
0	2	4	7	8	1	3	6	9	5
3513
772	140
299	938
160	71
465	745
5	408
985	357
903	848
322	477
277	935
719	458
