6172
10
0	362	513	389	181	702	316	244	125	504
362	0	346	337	307	619	286	137	408	674
513	346	0	150	342	276	203	427	620	497
389	337	150	0	208	322	77	369	506	375
181	307	342	208	0	521	139	253	302	391
702	619	276	322	521	0	399	682	823	445
316	286	203	77	139	399	0	298	430	394
244	137	427	369	253	682	298	0	272	644
125	408	620	506	302	823	430	272	0	621
504	674	497	375	391	445	394	644	621	0
0	8	7	1	6	3	2	5	9	4
2340
646	371
284	356
252	701
400	673
543	521
287	975
430	602
411	304
678	250
720	870
