5221
10
0	698	408	138	454	339	409	210	364	431
698	0	947	625	804	499	955	494	964	995
408	947	0	544	224	450	10	560	661	53
138	625	544	0	566	376	545	140	352	569
454	804	224	566	0	315	234	525	786	275
339	499	450	376	315	0	458	272	700	500
409	955	10	545	234	458	0	565	657	43
210	494	560	140	525	272	565	0	493	596
364	964	661	352	786	700	657	493	0	657
431	995	53	569	275	500	43	596	657	0
0	8	3	7	1	5	4	2	6	9
2872
476	458
927	992
82	564
614	450
152	777
467	797
78	554
642	588
555	102
49	522
