4702
10
0	738	924	946	397	434	534	200	625	548
738	0	592	1108	348	315	583	573	401	964
924	592	0	663	716	596	416	727	312	769
946	1108	663	0	1017	916	549	835	706	437
397	348	716	1017	0	121	474	267	412	747
434	315	596	916	121	0	367	257	291	683
534	583	416	549	474	367	0	355	208	408
200	573	727	835	267	257	355	0	425	501
625	401	312	706	412	291	208	425	0	616
548	964	769	437	747	683	408	501	616	0
0	7	4	5	1	2	8	6	3	9
3549
798	961
61	920
121	331
707	19
402	990
373	872
490	524
630	851
293	592
885	419
