1937
10
0	504	617	760	680	156	172	281	354	574
504	0	696	730	632	649	342	764	515	76
617	696	0	178	165	607	552	611	266	706
760	730	178	0	98	770	666	785	408	722
680	632	165	98	0	705	576	733	335	626
156	649	607	770	705	0	307	125	370	715
172	342	552	666	576	307	0	422	292	408
281	764	611	785	733	125	422	0	413	827
354	515	266	408	335	370	292	413	0	550
574	76	706	722	626	715	408	827	550	0
0	5	7	8	2	3	4	9	1	6
2452
25	656
112	159
641	612
766	485
674	450
66	807
100	501
114	923
375	602
157	97
