9656
10
0	994	577	652	633	603	572	546	36	338
994	0	981	535	428	391	473	514	1022	1184
577	981	0	448	845	686	800	494	565	411
652	535	448	0	505	316	484	148	666	717
633	428	845	505	0	189	61	376	667	898
603	391	686	316	189	0	177	197	631	809
572	473	800	484	61	177	0	346	606	839
546	514	494	148	376	197	346	0	565	674
36	1022	565	666	667	631	606	565	0	305
338	1184	411	717	898	809	839	674	305	0
0	8	9	2	3	1	4	6	5	7
3144
173	362
982	941
639	21
822	430
561	863
668	707
526	813
698	512
164	327
228	28
