2168
10
0	380	468	211	483	432	229	461	823	399
380	0	90	552	369	709	475	827	745	615
468	90	0	642	415	796	563	918	776	698
211	552	642	0	518	234	139	279	782	246
483	369	415	518	0	543	381	774	382	416
432	709	796	234	543	0	235	289	687	128
229	475	563	139	381	235	0	397	648	171
461	827	918	279	774	289	397	0	972	399
823	745	776	782	382	687	648	972	0	573
399	615	698	246	416	128	171	399	573	0
0	1	2	4	8	9	5	7	3	6
2904
857	530
829	151
845	62
722	693
470	240
505	782
634	585
723	972
88	235
478	656
