117
10
0	212	680	379	705	542	890	243	173	506
212	0	506	456	573	350	734	153	59	324
680	506	0	956	182	532	238	441	565	559
379	456	956	0	1029	585	1189	578	399	535
705	573	182	1029	0	685	207	463	630	704
542	350	532	585	685	0	761	465	371	49
890	734	238	1189	207	761	0	647	793	792
243	153	441	578	463	465	647	0	191	449
173	59	565	399	630	371	793	191	0	338
506	324	559	535	704	49	792	449	338	0
0	8	1	7	4	6	2	5	9	3
2788
477	889
505	678
220	259
844	984
51	327
731	410
26	121
352	680
538	727
743	458
