8573
10
0	193	908	272	247	216	405	542	50	227
193	0	1054	160	434	203	541	734	243	285
908	1054	0	989	843	879	512	571	878	781
272	160	989	0	516	114	488	761	317	212
247	434	843	516	0	439	420	352	200	405
216	203	879	114	439	0	375	654	249	98
405	541	512	488	420	375	0	386	382	276
542	734	571	761	352	654	386	0	493	573
50	243	878	317	200	249	382	493	0	242
227	285	781	212	405	98	276	573	242	0
0	1	3	5	9	6	2	7	4	8
2526
156	318
138	125
860	893
293	82
87	556
331	190
506	522
291	843
156	368
380	276
