5720
10
0	792	585	566	729	783	603	623	868	804
792	0	354	284	122	18	515	777	161	47
585	354	0	387	237	360	167	424	507	334
566	284	387	0	301	269	544	767	308	319
729	122	237	301	0	131	394	657	282	97
783	18	360	269	131	0	522	783	150	65
603	515	167	544	394	522	0	264	671	489
623	777	424	767	657	783	264	0	931	752
868	161	507	308	282	150	671	931	0	201
804	47	334	319	97	65	489	752	201	0
0	7	6	2	4	9	1	5	8	3
2477
96	986
167	197
385	477
1	428
261	275
150	204
528	565
684	778
25	120
214	190
