2138
10
0	159	489	312	319	216	502	76	830	258
159	0	567	452	438	337	550	218	899	116
489	567	0	640	703	286	109	527	340	681
312	452	640	0	85	374	700	238	956	511
319	438	703	85	0	427	755	243	1027	479
216	337	286	374	427	0	327	242	624	452
502	550	109	700	755	327	0	553	355	659
76	218	527	238	243	242	553	0	867	297
830	899	340	956	1027	624	355	867	0	1011
258	116	681	511	479	452	659	297	1011	0
0	9	1	6	8	2	5	3	4	7
2683
691	661
648	815
300	367
933	464
984	533
559	489
233	454
759	627
24	167
700	919
