737
10
0	460	870	894	147	264	323	452	967	947
460	0	984	756	439	703	646	614	989	1136
870	984	0	491	730	779	576	421	200	207
894	756	491	0	753	950	742	533	352	698
147	439	730	753	0	276	224	309	820	821
264	703	779	950	276	0	216	424	923	800
323	646	576	742	224	216	0	210	709	627
452	614	421	533	309	424	210	0	519	533
967	989	200	352	820	923	709	519	0	383
947	1136	207	698	821	800	627	533	383	0
0	5	9	2	8	3	7	6	4	1
3689
48	372
46	832
918	376
802	854
189	416
175	140
353	263
498	416
997	560
975	177
