8147
10
0	113	317	474	250	449	253	387	491	120
113	0	430	587	331	559	320	382	571	100
317	430	0	166	273	159	313	536	386	401
474	587	166	0	357	175	399	693	359	566
250	331	273	357	0	431	42	623	242	371
449	559	159	175	431	0	472	566	509	508
253	320	313	399	42	472	0	635	253	371
387	382	536	693	623	566	635	0	850	287
491	571	386	359	242	509	253	850	0	612
120	100	401	566	371	508	371	287	612	0
0	1	9	7	2	5	3	8	4	6
2266
489	496
379	524
793	405
958	426
683	655
877	270
655	687
324	145
891	779
392	424
