8199
10
0	448	501	85	222	391	207	529	313	342
448	0	192	391	506	376	655	501	445	388
501	192	0	423	470	551	699	342	365	293
85	391	423	0	176	410	276	448	239	260
222	506	470	176	0	586	304	355	137	202
391	376	551	410	586	0	539	775	617	600
207	655	699	276	304	539	0	659	438	491
529	501	342	448	355	775	659	0	222	189
313	445	365	239	137	617	438	222	0	73
342	388	293	260	202	600	491	189	73	0
0	3	5	1	2	7	9	8	4	6
2315
260	238
658	445
583	622
287	319
152	433
614	71
79	137
273	767
225	550
293	579
