5642
10
0	707	714	128	489	806	565	101	949	519
707	0	670	585	777	149	1176	709	823	888
714	670	0	621	322	818	818	798	235	417
128	585	621	0	443	692	636	181	856	501
489	777	322	443	0	922	500	588	524	116
806	149	818	692	922	0	1304	792	962	1032
565	1176	818	636	500	1304	0	645	993	402
101	709	798	181	588	792	645	0	1034	621
949	823	235	856	524	962	993	1034	0	595
519	888	417	501	116	1032	402	621	595	0
0	7	3	5	1	8	2	4	9	6
3586
752	389
83	160
184	823
624	384
506	812
36	18
999	898
780	291
9	980
597	885
