5638
10
0	823	1078	694	523	548	885	124	846	450
823	0	383	409	335	306	670	824	377	476
1078	383	0	792	682	536	519	1039	745	828
694	409	792	0	244	459	982	756	159	244
523	335	682	244	0	229	763	557	355	146
548	306	536	459	229	0	533	528	530	351
885	670	519	982	763	533	0	794	1019	877
124	824	1039	756	557	528	794	0	900	513
846	377	745	159	355	530	1019	900	0	396
450	476	828	244	146	351	877	513	396	0
0	7	6	2	1	5	4	8	3	9
3563
62	879
801	516
843	135
755	923
572	761
496	544
333	36
15	764
908	878
512	895
