3923
10
0	902	778	643	889	1041	115	904	592	208
902	0	162	313	189	442	787	102	1043	895
778	162	0	286	300	564	663	126	1003	801
643	313	286	0	246	431	533	369	732	597
889	189	300	246	0	264	779	290	921	839
1041	442	564	431	264	0	941	544	913	942
115	787	663	533	779	941	0	789	601	228
904	102	126	369	290	544	789	0	1101	920
592	1043	1003	732	921	913	601	1101	0	385
208	895	801	597	839	942	228	920	385	0
0	6	2	7	1	4	5	3	8	9
3215
715	36
698	938
798	810
555	659
512	902
257	971
719	151
800	936
123	67
508	63
