7399
10
0	733	178	747	635	131	488	303	297	771
733	0	563	225	110	766	343	520	784	445
178	563	0	569	470	261	313	237	299	605
747	225	569	0	281	815	265	618	708	223
635	110	470	281	0	660	300	410	713	480
131	766	261	815	660	0	569	271	427	867
488	343	313	265	300	569	0	424	453	306
303	520	237	618	410	271	424	0	532	728
297	784	299	708	713	427	453	532	0	644
771	445	605	223	480	867	306	728	644	0
0	5	2	7	4	1	3	9	6	8
2653
201	758
924	633
363	683
865	415
833	695
202	889
611	492
473	893
158	464
755	221
