3080
10
0	92	289	522	472	557	519	373	188	348
92	0	244	587	387	472	429	290	275	321
289	244	0	810	277	548	347	192	464	547
522	587	810	0	964	890	993	873	358	497
472	387	277	964	0	365	73	100	661	563
557	472	548	890	365	0	316	379	704	395
519	429	347	993	73	316	0	160	705	565
373	290	192	873	100	379	160	0	562	499
188	275	464	358	661	704	705	562	0	397
348	321	547	497	563	395	565	499	397	0
0	1	2	7	4	6	5	9	3	8
2455
279	607
271	515
35	452
698	919
80	178
429	70
116	114
109	274
371	772
582	435
