994
10
0	445	471	624	326	554	215	880	256	781
445	0	52	184	595	437	656	480	561	549
471	52	0	182	591	398	677	434	564	498
624	184	182	0	773	550	837	396	744	590
326	595	591	773	0	421	308	888	71	660
554	437	398	550	421	0	674	500	447	241
215	656	677	837	308	674	0	1066	247	915
880	480	434	396	888	500	1066	0	891	364
256	561	564	744	71	447	247	891	0	688
781	549	498	590	660	241	915	364	688	0
0	6	8	4	5	9	7	3	2	1
2634
691	882
372	571
388	521
209	485
955	690
737	329
878	989
293	97
907	743
657	101
