5213
10
0	594	168	120	212	205	316	466	312	249
594	0	761	491	795	737	476	719	741	746
168	761	0	285	62	193	422	487	288	248
120	491	285	0	332	253	321	525	405	277
212	795	62	332	0	253	423	454	248	308
205	737	193	253	253	0	521	650	466	55
316	476	422	321	423	521	0	256	277	563
466	719	487	525	454	650	256	0	207	702
312	741	288	405	248	466	277	207	0	521
249	746	248	277	308	55	563	702	521	0
0	3	1	6	7	8	4	2	5	9
2357
322	765
484	193
301	932
296	647
345	976
131	840
617	651
781	848
589	927
79	820
