6315
10
0	423	577	117	566	795	423	152	706	632
423	0	743	528	752	487	105	477	359	765
577	743	0	522	34	1228	657	725	756	68
117	528	522	0	504	912	514	218	783	582
566	752	34	504	0	1235	668	711	779	99
795	487	1228	912	1235	0	584	757	695	1252
423	105	657	514	668	584	0	508	296	673
152	477	725	218	711	757	508	0	803	781
706	359	756	783	779	695	296	803	0	745
632	765	68	582	99	1252	673	781	745	0
0	3	4	2	9	8	6	1	5	7
3265
218	673
632	583
50	120
106	639
23	141
969	935
597	484
220	825
793	262
76	57
