7299
10
0	616	658	754	764	712	1004	391	398	105
616	0	710	255	653	640	487	577	292	588
658	710	0	964	187	137	726	267	469	553
754	255	964	0	907	895	641	811	523	758
764	653	187	907	0	57	562	386	479	664
712	640	137	895	57	0	594	329	444	610
1004	487	726	641	562	594	0	773	606	938
391	577	267	811	386	329	773	0	288	287
398	292	469	523	479	444	606	288	0	336
105	588	553	758	664	610	938	287	336	0
0	9	7	2	5	4	6	3	1	8
3001
935	704
319	699
690	93
216	933
504	72
553	103
3	328
776	346
569	547
900	605
