8216
10
0	782	295	612	951	620	608	57	764	291
782	0	487	784	192	166	241	801	98	514
295	487	0	548	655	324	321	321	476	112
612	784	548	0	846	651	546	669	841	657
951	192	655	846	0	332	358	976	272	696
620	166	324	651	332	0	113	643	192	366
608	241	321	546	358	113	0	640	295	394
57	801	321	669	976	643	640	0	776	296
764	98	476	841	272	192	295	776	0	481
291	514	112	657	696	366	394	296	481	0
0	7	9	2	6	5	8	1	4	3
2839
545	49
892	750
659	322
144	512
873	942
786	621
675	643
586	9
967	686
750	256
