5329
10
0	742	408	301	505	1034	666	939	815	811
742	0	624	672	468	320	289	237	289	131
408	624	0	624	681	824	401	861	544	625
301	672	624	0	271	992	721	810	848	780
505	468	681	271	0	783	614	558	706	593
1034	320	824	992	783	0	423	317	294	223
666	289	401	721	614	423	0	515	151	237
939	237	861	810	558	317	515	0	467	292
815	289	544	848	706	294	151	467	0	177
811	131	625	780	593	223	237	292	177	0
0	3	4	7	5	1	9	8	6	2
3035
961	279
259	520
864	676
752	62
485	110
43	757
465	724
35	440
334	800
239	650
