1979
10
0	858	152	716	1095	1188	1127	1023	1044	959
858	0	707	619	567	712	890	491	341	1208
152	707	0	629	975	1078	1049	900	905	964
716	619	629	0	439	492	420	394	529	590
1095	567	975	439	0	145	392	83	255	914
1188	712	1078	492	145	0	302	223	395	877
1127	890	1049	420	392	302	0	432	635	598
1023	491	900	394	83	223	432	0	202	911
1044	341	905	529	255	395	635	202	0	1090
959	1208	964	590	914	877	598	911	1090	0
0	2	1	8	7	4	5	6	9	3
3836
988	33
134	123
836	37
539	592
111	690
111	835
376	980
145	614
29	448
974	992
