9158
10
0	516	526	117	609	504	308	372	373	587
516	0	556	428	492	591	823	595	168	320
526	556	0	426	156	62	690	863	568	838
117	428	426	0	497	412	401	442	308	558
609	492	156	497	0	218	816	907	549	801
504	591	62	412	218	0	644	853	587	861
308	823	690	401	816	644	0	539	681	875
372	595	863	442	907	853	539	0	431	446
373	168	568	308	549	587	681	431	0	275
587	320	838	558	801	861	875	446	275	0
0	6	7	9	8	1	4	2	5	3
2975
396	614
779	268
246	109
418	499
363	5
199	150
144	792
680	855
718	425
976	521
