1751
10
0	611	414	506	923	370	315	306	483	260
611	0	734	478	389	933	384	351	537	420
414	734	0	323	883	705	357	403	254	343
506	478	323	0	560	871	225	268	71	265
923	389	883	560	0	1278	623	618	631	676
370	933	705	871	1278	0	685	671	839	630
315	384	357	225	623	685	0	50	237	55
306	351	403	268	618	671	50	0	286	69
483	537	254	71	631	839	237	286	0	266
260	420	343	265	676	630	55	69	266	0
0	5	2	8	3	4	1	7	6	9
3065
227	339
808	530
103	735
418	808
974	882
16	35
427	583
457	542
347	807
388	544
