3194
10
0	596	723	796	242	652	746	768	115	122
596	0	564	591	401	823	422	224	481	652
723	564	0	76	503	395	194	478	661	675
796	591	76	0	571	454	183	475	730	750
242	401	503	571	0	543	505	540	159	257
652	823	395	454	543	0	575	821	655	548
746	422	194	183	505	575	0	291	660	730
768	224	478	475	540	821	291	0	658	797
115	481	661	730	159	655	660	658	0	201
122	652	675	750	257	548	730	797	201	0
0	8	1	7	6	3	2	5	4	9
2687
736	129
641	718
118	505
70	565
586	320
84	111
221	670
455	844
726	244
631	66
