6184
10
0	486	595	743	291	781	903	348	535	451
486	0	208	450	737	893	853	213	861	688
595	208	0	244	791	778	685	248	839	649
743	450	244	0	868	651	485	410	828	636
291	737	791	868	0	659	865	551	305	331
781	893	778	651	659	0	289	698	401	339
903	853	685	485	865	289	0	704	660	535
348	213	248	410	551	698	704	0	649	474
535	861	839	828	305	401	660	649	0	194
451	688	649	636	331	339	535	474	194	0
0	4	8	9	5	6	3	2	1	7
2916
539	99
952	356
914	561
820	787
249	132
169	787
378	988
740	384
91	393
272	463
