9652
10
0	320	539	564	229	280	284	1040	135	190
320	0	472	272	90	492	135	1051	245	361
539	472	0	417	469	416	348	581	409	377
564	272	417	0	349	647	287	971	452	531
229	90	469	349	0	418	122	1037	166	287
280	492	416	647	418	0	381	800	252	131
284	135	348	287	122	381	0	922	165	255
1040	1051	581	971	1037	800	922	0	935	850
135	245	409	452	166	252	165	935	0	123
190	361	377	531	287	131	255	850	123	0
0	8	6	4	1	3	2	7	5	9
2903
225	211
34	468
443	704
27	740
89	396
494	291
168	490
980	927
247	345
370	334
