8971
10
0	440	319	77	561	535	340	647	550	71
440	0	321	510	214	108	440	246	598	415
319	321	0	394	309	358	118	567	762	352
77	510	394	0	638	607	405	705	538	101
561	214	309	638	0	138	411	372	811	560
535	108	358	607	138	0	474	239	694	517
340	440	118	405	411	474	0	686	841	392
647	246	567	705	372	239	686	0	594	604
550	598	762	538	811	694	841	594	0	479
71	415	352	101	560	517	392	604	479	0
0	6	2	4	5	1	7	8	9	3
2510
645	272
738	703
919	437
593	214
948	745
814	780
980	335
619	919
163	538
588	315
