9862
10
0	462	618	193	416	358	334	515	457	472
462	0	370	498	178	652	658	249	216	353
618	370	0	523	540	925	917	619	182	163
193	498	523	0	519	547	519	629	404	361
416	178	540	519	0	510	524	111	370	493
358	652	925	547	510	0	42	550	746	801
334	658	917	519	524	42	0	572	740	787
515	249	619	629	111	550	572	0	461	590
457	216	182	404	370	746	740	461	0	139
472	353	163	361	493	801	787	590	139	0
0	3	9	2	8	1	4	7	5	6
2330
546	595
590	135
226	66
354	574
742	228
882	719
846	742
837	170
376	170
249	228
