6755
10
0	761	1108	287	504	498	615	711	700	969
761	0	347	644	258	438	263	341	461	264
1108	347	0	981	603	733	550	582	701	221
287	644	981	0	431	569	603	481	439	895
504	258	603	431	0	260	186	368	447	474
498	438	733	569	260	0	183	629	704	542
615	263	550	603	186	183	0	514	611	368
711	341	582	481	368	629	514	0	123	591
700	461	701	439	447	704	611	123	0	714
969	264	221	895	474	542	368	591	714	0
0	3	8	7	2	9	1	4	6	5
3041
179	903
681	331
891	54
464	938
492	507
250	410
418	336
838	634
864	755
670	67
