2465
10
0	308	810	617	483	405	478	530	335	632
308	0	685	573	312	510	613	706	524	648
810	685	0	240	372	529	578	682	667	340
617	573	240	0	295	291	339	447	429	128
483	312	372	295	0	388	487	603	482	402
405	510	529	291	388	0	106	216	138	247
478	613	578	339	487	106	0	116	155	255
530	706	682	447	603	216	116	0	195	347
335	524	667	429	482	138	155	195	0	380
632	648	340	128	402	247	255	347	380	0
0	1	4	2	3	9	5	6	7	8
2359
890	542
907	234
248	47
335	271
605	152
485	521
415	601
389	715
567	633
277	386
