7878
10
0	657	865	165	441	482	792	420	347	319
657	0	800	603	881	176	550	729	462	905
865	800	0	699	622	747	273	493	1006	819
165	603	699	0	335	429	640	267	423	302
441	881	622	335	0	723	700	172	756	218
482	176	747	429	723	0	535	581	335	731
792	550	273	640	700	535	0	533	839	851
420	729	493	267	172	581	533	0	678	330
347	462	1006	423	756	335	839	678	0	665
319	905	819	302	218	731	851	330	665	0
0	8	5	1	6	2	7	4	9	3
3031
126	447
675	85
888	857
269	531
266	866
538	196
907	584
404	762
213	111
74	762
