3697
10
0	235	304	925	144	199	774	391	546	452
235	0	259	719	326	402	543	432	408	542
304	259	0	679	264	333	606	185	257	311
925	719	679	0	937	1010	282	789	437	908
144	326	264	937	0	79	827	280	521	316
199	402	333	1010	79	0	907	311	588	315
774	543	606	282	827	907	0	765	443	896
391	432	185	789	280	311	765	0	352	131
546	408	257	437	521	588	443	352	0	475
452	542	311	908	316	315	896	131	475	0
0	4	5	9	7	2	8	3	6	1
2608
308	286
523	383
361	586
906	992
197	379
121	355
954	714
190	659
517	791
59	664
