9883
10
0	453	605	418	299	181	860	229	419	222
453	0	688	662	591	506	681	226	788	405
605	688	0	251	345	434	429	632	462	396
418	662	251	0	119	236	650	526	220	269
299	591	345	119	0	120	703	429	208	185
181	506	434	236	120	0	741	322	285	120
860	681	429	650	703	741	0	764	870	643
229	226	632	526	429	322	764	0	605	258
419	788	462	220	208	285	870	605	0	386
222	405	396	269	185	120	643	258	386	0
0	9	5	4	8	3	2	6	1	7
2706
255	175
132	611
799	441
670	225
554	197
434	205
763	869
169	388
639	7
420	325
