1851
10
0	536	244	397	246	748	417	726	601	394
536	0	577	167	358	306	874	270	469	255
244	577	0	410	425	689	301	678	438	345
397	167	410	0	283	360	708	333	369	104
246	358	425	283	0	633	658	603	616	345
748	306	689	360	633	0	985	37	357	359
417	874	301	708	658	985	0	976	696	647
726	270	678	333	603	37	976	0	369	341
601	469	438	369	616	357	696	369	0	275
394	255	345	104	345	359	647	341	275	0
0	6	2	8	5	7	1	3	9	4
2682
733	485
421	922
527	354
442	756
724	731
115	907
646	77
151	919
135	550
384	669
