6361
10
0	1018	53	72	666	850	120	561	533	948
1018	0	965	1053	468	168	931	594	732	102
53	965	0	106	616	796	88	515	494	895
72	1053	106	0	676	884	189	622	516	978
666	468	616	676	0	330	621	533	264	369
850	168	796	884	330	0	765	457	587	114
120	931	88	189	621	765	0	444	536	868
561	594	515	622	533	457	444	0	648	571
533	732	494	516	264	587	536	648	0	633
948	102	895	978	369	114	868	571	633	0
0	3	8	4	5	9	1	7	6	2
2577
937	157
17	595
889	181
994	201
483	645
173	531
821	124
377	122
747	655
114	629
