7123
10
0	668	25	548	515	669	153	519	677	719
668	0	691	511	435	561	524	379	457	268
25	691	0	558	528	678	174	534	690	738
548	511	558	0	80	121	423	133	158	335
515	435	528	80	0	179	378	55	162	284
669	561	678	121	179	0	544	215	115	335
153	524	174	423	378	544	0	374	537	566
519	379	534	133	55	215	374	0	167	240
677	457	690	158	162	115	537	167	0	220
719	268	738	335	284	335	566	240	220	0
0	2	6	7	4	3	5	8	9	1
2100
233	184
74	833
247	163
546	635
466	644
625	727
245	337
417	670
530	793
335	896
