6640
10
0	688	714	638	99	840	400	523	578	933
688	0	438	53	685	162	424	247	210	344
714	438	0	446	651	445	313	588	261	770
638	53	446	0	638	216	393	198	199	363
99	685	651	638	0	828	344	552	549	958
840	162	445	216	828	0	533	406	299	346
400	424	313	393	344	533	0	421	234	755
523	247	588	198	552	406	421	0	327	410
578	210	261	199	549	299	234	327	0	555
933	344	770	363	958	346	755	410	555	0
0	4	6	2	8	3	1	5	9	7
2710
794	7
719	691
310	532
742	643
695	6
639	833
532	310
898	520
571	541
974	923
