629
10
0	255	78	513	493	438	69	933	162	256
255	0	278	369	373	185	255	677	226	15
78	278	0	474	560	463	147	948	111	274
513	369	474	0	716	394	556	659	363	355
493	373	560	716	0	341	438	701	567	388
438	185	463	394	341	0	427	498	401	189
69	255	147	556	438	427	0	925	221	260
933	677	948	659	701	498	925	0	866	677
162	226	111	363	567	401	221	866	0	217
256	15	274	355	388	189	260	677	217	0
0	6	4	5	7	3	9	1	8	2
2790
730	182
568	380
797	222
762	695
237	207
422	494
671	146
135	901
790	333
580	390
