1747
10
0	876	541	605	1158	1020	191	359	771	145
876	0	500	420	281	314	864	603	359	913
541	500	0	547	745	513	439	498	643	506
605	420	547	0	670	704	681	251	166	699
1158	281	745	670	0	338	1138	878	561	1190
1020	314	513	704	338	0	949	831	671	1013
191	864	439	681	1138	949	0	466	838	73
359	603	498	251	878	831	466	0	418	470
771	359	643	166	561	671	838	418	0	861
145	913	506	699	1190	1013	73	470	861	0
0	9	6	2	5	4	1	8	3	7
2924
926	173
309	796
401	304
726	744
101	986
27	656
769	64
848	524
655	895
842	54
