884
10
0	195	303	302	431	558	480	599	525	415
195	0	183	367	268	407	437	404	408	397
303	183	0	544	142	526	615	395	557	579
302	367	544	0	633	483	252	682	395	176
431	268	142	633	0	493	652	282	552	631
558	407	526	483	493	0	303	325	114	345
480	437	615	252	652	303	0	591	190	76
599	404	395	682	282	325	591	0	427	604
525	408	557	395	552	114	190	427	0	240
415	397	579	176	631	345	76	604	240	0
0	1	2	4	7	5	8	6	9	3
1985
372	945
429	758
612	759
79	871
663	626
220	408
11	628
543	370
130	479
36	700
