7797
10
0	719	433	276	386	281	319	306	609	649
719	0	650	761	541	494	399	414	858	376
433	650	0	688	118	251	396	378	991	361
276	761	688	0	615	477	421	421	338	821
386	541	118	615	0	147	283	265	899	299
281	494	251	477	147	0	150	130	753	368
319	399	396	421	283	150	0	20	646	404
306	414	378	421	265	130	20	0	655	400
609	858	991	338	899	753	646	655	0	1040
649	376	361	821	299	368	404	400	1040	0
0	3	8	1	9	2	4	5	7	6
2943
818	692
156	411
486	971
917	434
467	854
538	725
520	576
527	595
955	98
175	787
