7117
10
0	409	107	251	569	654	564	629	454	450
409	0	487	580	167	691	973	718	694	563
107	487	0	301	639	599	506	562	360	390
251	580	301	0	748	897	467	863	650	689
569	167	639	748	0	718	1134	764	795	635
654	691	599	897	718	0	981	87	344	208
564	973	506	467	1134	981	0	912	641	794
629	718	562	863	764	87	912	0	270	181
454	694	360	650	795	344	641	270	0	197
450	563	390	689	635	208	794	181	197	0
0	2	3	6	8	9	7	5	4	1
3275
370	494
145	836
476	478
261	267
106	999
824	966
645	1
862	887
806	622
707	793
