8234
10
0	553	774	635	400	319	344	995	892	319
553	0	581	559	811	237	421	711	346	668
774	581	0	163	721	579	429	232	616	606
635	559	163	0	557	491	295	394	683	444
400	811	721	557	0	590	409	949	1095	145
319	237	579	491	590	0	246	768	572	452
344	421	429	295	409	246	0	653	685	264
995	711	232	394	949	768	653	0	625	838
892	346	616	683	1095	572	685	625	0	949
319	668	606	444	145	452	264	838	949	0
0	4	9	3	2	7	8	1	5	6
3182
566	4
223	438
703	766
755	611
957	91
396	275
633	342
665	995
87	757
837	174
