5042
10
0	399	463	609	227	543	103	353	198	304
399	0	319	345	574	717	352	187	318	653
463	319	0	174	509	948	490	480	518	568
609	345	174	0	681	1046	616	531	622	742
227	574	509	681	0	714	331	571	426	80
543	717	948	1046	714	0	470	537	429	764
103	352	490	616	331	470	0	266	95	406
353	187	480	531	571	537	266	0	189	651
198	318	518	622	426	429	95	189	0	502
304	653	568	742	80	764	406	651	502	0
0	4	9	2	3	1	7	5	8	6
2745
691	411
632	806
951	795
937	969
884	290
170	257
597	455
481	695
518	509
934	227
