7482
10
0	539	318	441	222	483	198	181	290	188
539	0	347	965	318	793	710	651	762	711
318	347	0	664	178	754	516	491	442	431
441	965	664	0	649	707	372	449	229	255
222	318	178	649	0	586	406	359	458	394
483	793	754	707	586	0	364	318	700	566
198	710	516	372	406	364	0	79	336	203
181	651	491	449	359	318	79	0	388	254
290	762	442	229	458	700	336	388	0	134
188	711	431	255	394	566	203	254	134	0
0	8	3	9	6	7	5	1	2	4
2914
297	559
410	31
159	272
54	928
325	338
740	753
376	741
430	682
42	699
176	703
