3292
10
0	363	423	312	876	438	434	526	405	611
363	0	654	452	910	427	486	688	435	300
423	654	0	211	544	356	278	144	309	754
312	452	211	0	563	181	135	242	132	546
876	910	544	563	0	487	452	399	495	808
438	427	356	181	487	0	83	312	50	416
434	486	278	135	452	83	0	229	51	499
526	688	144	242	399	312	229	0	276	728
405	435	309	132	495	50	51	276	0	454
611	300	754	546	808	416	499	728	454	0
0	3	8	5	6	2	7	4	9	1
2869
87	894
436	995
41	473
206	605
423	85
384	571
315	524
144	371
334	572
697	846
