7782
10
0	312	622	307	627	255	645	429	611	449
312	0	452	164	316	225	337	210	482	156
622	452	0	330	427	669	398	241	81	520
307	164	330	0	380	349	384	123	341	303
627	316	427	380	0	499	42	291	499	226
255	225	669	349	499	0	530	431	689	277
645	337	398	384	42	530	0	285	472	262
429	210	241	123	291	431	285	0	277	294
611	482	81	341	499	689	472	277	0	569
449	156	520	303	226	277	262	294	569	0
0	5	1	9	4	6	2	8	7	3
2090
787	788
511	641
593	196
628	525
254	457
543	864
260	415
545	433
674	187
356	659
