2930
10
0	463	875	813	854	172	686	502	495	870
463	0	412	352	415	464	314	649	196	409
875	412	0	98	179	863	348	972	458	52
813	352	98	0	249	787	370	879	439	138
854	415	179	249	0	878	214	1043	379	126
172	464	863	787	878	0	741	330	559	869
686	314	348	370	214	741	0	961	191	307
502	649	972	879	1043	330	961	0	805	995
495	196	458	439	379	559	191	805	0	433
870	409	52	138	126	869	307	995	433	0
0	5	7	3	2	9	4	6	8	1
2721
151	342
579	520
965	665
877	709
993	488
115	511
837	341
5	823
646	335
978	614
