6208
10
0	255	757	592	513	558	55	840	855	466
255	0	779	816	495	422	206	1053	899	719
757	779	0	689	286	481	777	758	130	850
592	816	689	0	667	877	647	251	695	257
513	495	286	667	0	240	521	823	412	742
558	422	481	877	240	0	541	1054	610	905
55	206	777	647	521	541	0	894	879	520
840	1053	758	251	823	1054	894	0	720	482
855	899	130	695	412	610	879	720	0	888
466	719	850	257	742	905	520	482	888	0
0	6	1	5	4	2	8	7	3	9
3033
855	400
973	627
213	802
331	123
498	769
677	929
898	435
89	54
86	774
571	30
