3392
10
0	553	411	717	133	140	611	223	328	716
553	0	161	766	428	567	892	489	371	276
411	161	0	648	280	409	740	327	215	322
717	766	648	0	649	583	326	500	473	634
133	428	280	649	0	158	607	157	211	582
140	567	409	583	158	0	474	116	256	676
611	892	740	326	607	474	0	457	525	853
223	489	327	500	157	116	457	0	144	568
328	371	215	473	211	256	525	144	0	424
716	276	322	634	582	676	853	568	424	0
0	5	6	3	9	1	2	8	7	4
2660
874	551
604	68
617	229
173	702
776	460
750	616
400	937
651	555
566	438
328	87
