5565
10
0	349	300	119	565	773	768	477	376	189
349	0	379	395	254	603	420	131	197	250
300	379	0	419	632	507	707	492	241	418
119	395	419	0	571	881	812	512	469	166
565	254	632	571	0	751	315	151	424	405
773	603	507	881	751	0	589	614	429	805
768	420	707	812	315	589	0	301	467	656
477	131	492	512	151	614	301	0	274	354
376	197	241	469	424	429	467	274	0	376
189	250	418	166	405	805	656	354	376	0
0	3	9	1	7	4	6	5	8	2
2691
710	973
634	632
411	939
829	976
757	409
31	602
493	236
637	501
449	701
809	811
