5860
10
0	414	307	254	602	1065	807	254	563	834
414	0	425	231	267	694	621	159	363	570
307	425	0	201	461	896	533	335	336	598
254	231	201	0	352	815	573	140	316	584
602	267	461	352	0	462	386	383	188	307
1065	694	896	815	462	0	520	836	564	364
807	621	533	573	386	520	0	677	265	159
254	159	335	140	383	836	677	0	412	661
563	363	336	316	188	564	265	412	0	272
834	570	598	584	307	364	159	661	272	0
0	2	6	9	5	4	8	1	7	3
2929
14	952
100	547
319	912
184	763
350	452
593	58
721	562
58	701
459	606
655	417
