551
10
0	558	123	422	378	599	308	178	388	126
558	0	636	774	386	84	281	704	203	540
123	636	0	310	379	688	364	67	448	104
422	774	310	0	400	847	502	299	571	316
378	386	379	400	0	466	166	436	197	278
599	84	688	847	466	0	347	756	276	596
308	281	364	502	166	347	0	431	84	262
178	704	67	299	436	756	431	0	515	169
388	203	448	571	197	276	84	515	0	346
126	540	104	316	278	596	262	169	346	0
0	5	1	8	6	4	3	7	2	9
2132
299	194
312	752
398	121
707	86
567	461
236	790
402	485
409	54
402	569
422	223
