1555
10
0	494	620	500	543	492	656	330	211	672
494	0	728	517	184	134	354	181	488	534
620	728	0	211	593	833	1063	712	818	326
500	517	211	0	384	627	857	517	673	204
543	184	593	384	0	318	534	310	602	358
492	134	833	627	318	0	230	165	429	664
656	354	1063	857	534	230	0	367	524	889
330	181	712	517	310	165	367	0	307	599
211	488	818	673	602	429	524	307	0	819
672	534	326	204	358	664	889	599	819	0
0	2	3	9	4	1	5	6	7	8
2826
766	648
306	466
898	42
716	150
358	289
276	597
121	768
441	588
643	820
574	3
