6334
10
0	536	414	252	648	158	327	492	442	374
536	0	924	787	515	651	747	141	828	832
414	924	0	193	839	406	527	846	617	487
252	787	193	0	807	213	341	730	442	319
648	515	839	807	0	806	971	378	1082	1022
158	651	406	213	806	0	177	630	293	216
327	747	527	341	971	177	0	753	116	94
492	141	846	730	378	630	753	0	847	829
442	828	617	442	1082	293	116	847	0	132
374	832	487	319	1022	216	94	829	132	0
0	5	6	8	9	3	2	4	7	1
2989
554	585
772	95
230	844
418	798
264	5
620	729
757	842
631	99
843	920
711	925
