172
10
0	164	182	506	287	731	341	499	261	487
164	0	347	587	138	607	448	599	101	558
182	347	0	475	464	885	299	442	443	470
506	587	475	0	720	771	176	74	621	40
287	138	464	720	0	607	586	736	122	690
731	607	885	771	607	0	771	834	516	730
341	448	299	176	586	771	0	157	502	171
499	599	442	74	736	834	157	0	644	108
261	101	443	621	122	516	502	644	0	588
487	558	470	40	690	730	171	108	588	0
0	2	6	7	3	9	5	8	4	1
2422
739	540
622	656
871	414
538	75
603	793
15	642
653	209
610	57
529	696
514	108
