6253
10
0	880	899	385	881	757	204	727	780	307
880	0	63	521	6	122	734	176	402	619
899	63	0	530	56	153	764	224	359	651
385	521	530	0	521	403	318	399	409	259
881	6	56	521	0	123	736	180	397	621
757	122	153	403	123	0	613	86	364	500
204	734	764	318	736	613	0	567	725	118
727	176	224	399	180	86	567	0	438	450
780	402	359	409	397	364	725	438	0	645
307	619	651	259	621	500	118	450	645	0
0	6	9	7	5	1	4	2	8	3
2195
249	242
845	890
812	944
420	587
841	895
763	799
452	270
797	720
456	995
535	354
