3029
10
0	292	51	660	256	501	466	462	629	787
292	0	266	430	377	308	431	542	498	520
51	266	0	614	214	504	415	420	578	747
660	430	614	0	564	628	387	583	240	181
256	377	214	564	0	671	247	206	447	728
501	308	504	628	671	0	736	848	770	634
466	431	415	387	247	736	0	196	208	567
462	542	420	583	206	848	196	0	391	763
629	498	578	240	447	770	208	391	0	413
787	520	747	181	728	634	567	763	413	0
0	2	4	7	6	8	3	9	5	1
2530
195	225
299	498
245	237
703	647
440	148
78	713
660	262
630	68
792	424
702	828
