3504
10
0	579	199	1092	866	665	731	800	389	987
579	0	408	712	847	111	792	286	406	426
199	408	0	1013	903	508	787	605	372	832
1092	712	1013	0	585	610	673	864	709	493
866	847	903	585	0	806	151	1114	534	919
665	111	508	610	806	0	770	308	431	324
731	792	787	673	151	770	0	1072	433	936
800	286	605	864	1114	308	1072	0	692	424
389	406	372	709	534	431	433	692	0	706
987	426	832	493	919	324	936	424	706	0
0	2	1	5	7	9	3	4	6	8
3501
898	46
807	618
955	237
122	815
52	234
719	687
173	143
986	842
585	277
586	983
