6521
10
0	544	403	578	154	576	382	383	388	643
544	0	763	775	460	154	917	865	680	110
403	763	0	974	547	860	557	208	99	874
578	775	974	0	465	677	610	894	966	806
154	460	547	465	0	457	465	537	518	545
576	154	860	677	457	0	922	933	786	131
382	917	557	610	465	922	0	382	610	1008
383	865	208	894	537	933	382	0	294	974
388	680	99	966	518	786	610	294	0	790
643	110	874	806	545	131	1008	974	790	0
0	4	1	9	5	3	6	7	2	8
3219
426	603
761	174
51	455
898	937
580	597
889	260
288	960
47	663
111	376
863	131
