2203
10
0	445	525	945	611	214	722	753	542	771
445	0	192	918	370	597	601	316	103	458
525	192	0	747	555	617	423	272	153	275
945	918	747	0	1288	834	326	935	901	622
611	370	555	1288	0	818	972	530	412	793
214	597	617	834	818	0	677	877	680	815
722	601	423	326	972	677	0	613	576	319
753	316	272	935	530	877	613	0	213	327
542	103	153	901	412	680	576	213	0	383
771	458	275	622	793	815	319	327	383	0
0	5	3	6	9	7	2	8	1	4
3529
680	10
323	277
398	454
997	901
69	7
885	74
718	731
137	533
271	367
399	729
