9144
10
0	222	481	262	617	774	535	614	682	723
222	0	701	387	763	925	649	726	895	896
481	701	0	528	441	528	494	537	357	414
262	387	528	0	812	957	761	837	575	878
617	763	441	812	0	162	149	128	794	176
774	925	528	957	162	0	297	242	860	127
535	649	494	761	149	297	0	78	851	325
614	726	537	837	128	242	78	0	895	298
682	895	357	575	794	860	851	895	0	736
723	896	414	878	176	127	325	298	736	0
0	1	6	7	4	5	9	2	8	3
2974
686	177
869	51
348	520
484	9
694	794
653	951
809	698
821	776
28	360
543	886
