3802
10
0	275	829	955	382	324	674	763	374	763
275	0	554	683	297	505	494	561	480	492
829	554	0	151	676	1020	494	523	916	164
955	683	151	0	826	1163	513	662	998	308
382	297	676	826	0	377	776	408	721	548
324	505	1020	1163	377	0	976	772	677	911
674	494	494	513	776	976	0	875	549	584
763	561	523	662	408	772	875	0	1041	359
374	480	916	998	721	677	549	1041	0	917
763	492	164	308	548	911	584	359	917	0
0	5	4	7	9	2	3	6	8	1
3600
229	643
468	506
927	195
980	53
586	779
258	966
468	12
989	715
21	331
938	359
