4937
10
0	773	570	623	512	417	681	457	387	373
773	0	873	607	263	813	617	323	558	407
570	873	0	307	716	152	338	617	844	573
623	607	307	0	518	334	58	429	752	427
512	263	716	518	0	621	552	98	330	163
417	813	152	334	621	0	383	525	708	466
681	617	338	58	552	383	0	468	800	473
457	323	617	429	98	525	468	0	360	84
387	558	844	752	330	708	800	360	0	328
373	407	573	427	163	466	473	84	328	0
0	8	4	1	7	9	3	6	2	5
2779
628	284
53	802
926	770
651	907
229	606
850	638
649	965
325	627
241	276
388	570
