1336
10
0	628	847	647	573	854	92	907	453	416
628	0	292	272	79	576	672	482	342	538
847	292	0	233	297	820	868	680	634	610
647	272	233	0	214	846	655	752	550	376
573	79	297	214	0	634	610	555	350	458
854	576	820	846	634	0	940	194	416	1015
92	672	868	655	610	940	0	985	533	374
907	482	680	752	555	194	985	0	455	986
453	342	634	550	350	416	533	455	0	615
416	538	610	376	458	1015	374	986	615	0
0	6	9	3	2	4	1	7	5	8
2996
637	56
632	684
853	875
902	647
688	627
56	682
721	17
174	837
393	438
988	280
