7001
10
0	439	467	934	453	695	513	641	903	592
439	0	457	683	557	579	464	521	468	285
467	457	0	1139	858	996	52	937	742	326
934	683	1139	0	614	300	1147	326	757	923
453	557	858	614	0	318	892	289	958	831
695	579	996	300	318	0	1017	59	838	859
513	464	52	1147	892	1017	0	957	715	299
641	521	937	326	289	59	957	0	797	803
903	468	742	757	958	838	715	797	0	416
592	285	326	923	831	859	299	803	416	0
0	2	6	9	1	8	3	5	7	4
3429
604	123
434	528
140	177
929	999
973	386
986	704
98	208
935	673
176	919
150	503
