8197
10
0	708	399	255	314	272	413	468	493	227
708	0	816	606	705	824	945	453	433	483
399	816	0	629	709	153	152	382	801	436
255	606	629	0	115	521	665	555	265	255
314	705	709	115	0	586	725	668	320	367
272	824	153	521	586	0	146	438	728	379
413	945	152	665	725	146	0	527	874	520
468	453	382	555	668	438	527	0	593	300
493	433	801	265	320	728	874	593	0	366
227	483	436	255	367	379	520	300	366	0
0	9	3	4	8	1	7	2	6	5
2755
117	487
780	237
254	862
174	238
77	175
141	758
106	900
562	635
380	70
338	434
