1363
10
0	96	285	395	615	243	717	132	340	478
96	0	189	375	709	316	791	200	411	571
285	189	0	393	897	489	956	376	566	759
395	375	393	0	895	626	1078	524	374	776
615	709	897	895	0	433	326	528	549	137
243	316	489	626	433	0	475	116	439	299
717	791	956	1078	326	475	0	591	792	349
132	200	376	524	528	116	591	0	398	390
340	411	566	374	549	439	792	398	0	452
478	571	759	776	137	299	349	390	452	0
0	1	2	3	8	9	4	6	5	7
2690
688	558
784	564
972	589
793	939
102	369
535	368
180	52
625	442
446	798
237	397
