6504
10
0	801	675	372	642	625	515	795	591	309
801	0	143	476	159	679	735	127	498	544
675	143	0	335	67	551	597	219	475	404
372	476	335	0	327	375	344	513	518	69
642	159	67	327	0	587	619	191	408	392
625	679	551	375	587	0	137	770	886	381
515	735	597	344	619	137	0	809	861	324
795	127	219	513	191	770	809	0	400	575
591	498	475	518	408	886	861	400	0	541
309	544	404	69	392	381	324	575	541	0
0	8	7	1	2	4	3	5	6	9
2800
909	235
236	671
378	652
694	539
370	585
889	860
968	747
181	556
320	180
754	503
