821
10
0	350	375	374	142	613	509	386	430	502
350	0	671	711	251	373	237	441	559	193
375	671	0	413	517	782	733	391	307	758
374	711	413	0	464	983	884	686	665	876
142	251	517	464	0	580	458	456	529	433
613	373	782	983	580	0	136	404	528	196
509	237	733	884	458	136	0	390	521	68
386	441	391	686	456	404	390	0	131	436
430	559	307	665	529	528	521	131	0	567
502	193	758	876	433	196	68	436	567	0
0	4	1	9	6	5	7	8	2	3
2419
719	371
574	690
588	19
991	113
750	510
201	699
337	708
336	318
330	187
390	751
