1323
10
0	251	517	681	457	575	284	146	819	886
251	0	767	625	423	766	325	386	926	1063
517	767	0	962	779	381	623	385	760	619
681	625	962	0	224	685	402	683	541	836
457	423	779	224	0	568	180	466	562	792
575	766	381	685	568	0	484	439	379	313
284	325	623	402	180	484	0	286	600	758
146	386	385	683	466	439	286	0	719	752
819	926	760	541	562	379	600	719	0	329
886	1063	619	836	792	313	758	752	329	0
0	1	6	4	3	8	9	5	2	7
3075
116	441
54	197
310	921
654	22
476	159
626	707
363	300
217	547
934	486
920	815
