6047
10
0	344	831	713	415	888	936	592	480	435
344	0	953	712	90	753	894	463	601	750
831	953	0	344	941	644	434	626	361	630
713	712	344	0	675	322	227	300	287	715
415	90	941	675	0	684	842	405	601	800
888	753	644	322	684	0	260	302	574	1003
936	894	434	227	842	260	0	438	511	931
592	463	626	300	405	302	438	0	389	776
480	601	361	287	601	574	511	389	0	431
435	750	630	715	800	1003	931	776	431	0
0	1	4	7	5	6	3	2	8	9
3199
71	568
117	227
863	821
780	487
185	168
869	177
993	406
579	263
544	651
249	966
