3588
10
0	98	377	679	895	412	359	764	895	674
98	0	471	670	861	497	447	828	954	765
377	471	0	708	985	95	59	483	624	297
679	670	708	0	284	633	649	583	620	830
895	861	985	284	0	913	926	848	860	1114
412	497	95	633	913	0	60	395	535	277
359	447	59	649	926	60	0	454	594	319
764	828	483	583	848	395	454	0	140	364
895	954	624	620	860	535	594	140	0	481
674	765	297	830	1114	277	319	364	481	0
0	1	4	3	8	7	9	5	6	2
3140
998	259
972	164
961	635
322	328
111	137
867	650
909	607
538	870
417	941
898	926
