9083
10
0	487	401	586	837	332	274	199	294	345
487	0	852	510	825	334	628	515	248	647
401	852	0	969	1178	731	543	349	693	622
586	510	969	0	315	272	470	754	371	418
837	825	1178	315	0	567	637	1025	675	560
332	334	731	272	567	0	328	484	111	326
274	628	543	470	637	328	0	470	381	81
199	515	349	754	1025	484	470	0	408	544
294	248	693	371	675	111	381	408	0	399
345	647	622	418	560	326	81	544	399	0
0	7	2	6	9	4	3	5	8	1
3165
311	403
92	839
265	4
597	915
902	996
405	722
582	445
127	325
296	697
643	499
