3715
10
0	241	116	59	760	543	534	447	383	280
241	0	297	195	996	741	651	652	620	486
116	297	0	114	706	447	632	502	336	346
59	195	114	0	801	561	582	505	424	338
760	996	706	801	0	372	901	612	377	652
543	741	447	561	372	0	901	646	266	585
534	651	632	582	901	901	0	289	638	321
447	652	502	505	612	646	289	0	379	168
383	620	336	424	377	266	638	379	0	330
280	486	346	338	652	585	321	168	330	0
0	9	6	7	4	5	8	2	3	1
3026
806	740
998	887
711	807
825	796
106	442
264	779
984	236
703	305
453	591
758	464
