581
10
0	372	543	628	460	676	125	334	376	524
372	0	392	1001	464	307	488	467	693	892
543	392	0	1078	838	438	663	338	919	1019
628	1001	1078	0	913	1303	519	748	447	157
460	464	838	913	0	695	468	767	476	763
676	307	438	1303	695	0	794	682	998	1198
125	488	663	519	468	794	0	418	259	404
334	467	338	748	767	682	418	0	672	707
376	693	919	447	476	998	259	672	0	291
524	892	1019	157	763	1198	404	707	291	0
0	6	8	9	3	7	2	5	1	4
3587
498	575
783	335
533	33
17	980
909	782
968	89
449	691
317	294
463	950
174	987
