517
10
0	555	227	362	1010	540	537	275	682	712
555	0	338	371	470	415	337	367	663	339
227	338	0	294	784	460	339	107	668	560
362	371	294	0	828	179	577	400	374	370
1010	470	784	828	0	815	583	773	1039	612
540	415	460	179	815	0	695	560	248	250
537	337	339	577	583	695	0	262	936	674
275	367	107	400	773	560	262	0	774	636
682	663	668	374	1039	248	936	774	0	433
712	339	560	370	612	250	674	636	433	0
0	2	7	6	4	1	9	8	5	3
3210
999	595
453	699
791	687
687	411
48	938
550	295
630	986
808	793
589	50
317	388
