1739
10
0	901	500	940	646	521	901	602	273	492
901	0	586	223	432	677	243	383	825	420
500	586	0	520	180	101	473	202	290	384
940	223	520	0	341	590	48	344	800	518
646	432	180	341	0	252	293	95	466	372
521	677	101	590	252	0	542	297	272	482
901	243	473	48	293	542	0	301	754	494
602	383	202	344	95	297	301	0	459	278
273	825	290	800	466	272	754	459	0	492
492	420	384	518	372	482	494	278	492	0
0	8	5	2	4	6	3	1	7	9
2543
519	959
569	59
843	577
792	59
839	397
927	634
808	105
744	400
774	859
474	469
