3630
10
0	98	744	130	641	504	139	389	457	647
98	0	645	225	649	452	235	367	364	557
744	645	0	868	979	590	879	703	337	297
130	225	868	0	697	618	14	485	567	748
641	649	979	697	0	389	691	310	891	1074
504	452	590	618	389	0	621	171	552	714
139	235	879	14	691	621	0	485	580	761
389	367	703	485	310	171	485	0	581	767
457	364	337	567	891	552	580	581	0	197
647	557	297	748	1074	714	761	767	197	0
0	3	6	4	7	5	2	9	8	1
2862
822	362
725	380
92	508
934	295
943	992
597	814
947	301
754	746
367	312
189	227
