1948
10
0	654	470	256	427	573	313	396	166	547
654	0	498	397	325	106	747	1016	500	194
470	498	0	354	190	393	746	667	334	304
256	397	354	0	219	318	424	629	112	304
427	325	190	219	0	219	644	728	261	146
573	106	393	318	219	0	703	922	413	93
313	747	746	424	644	703	0	603	412	717
396	1016	667	629	728	922	603	0	518	870
166	500	334	112	261	413	412	518	0	380
547	194	304	304	146	93	717	870	380	0
0	8	3	1	5	9	4	2	7	6
2793
674	587
26	676
322	275
419	616
267	457
101	601
741	893
986	342
511	551
132	513
