1127
10
0	171	772	245	690	675	277	127	735	723
171	0	680	133	535	510	150	64	571	555
772	680	0	782	882	786	529	738	471	526
245	133	782	0	449	447	261	125	594	565
690	535	882	449	0	103	557	563	462	401
675	510	786	447	103	0	504	548	358	298
277	150	529	261	557	504	0	210	469	466
127	64	738	125	563	548	210	0	633	615
735	571	471	594	462	358	469	633	0	61
723	555	526	565	401	298	466	615	61	0
0	7	3	4	5	9	8	2	6	1
2484
123	103
252	216
84	875
365	145
776	327
722	415
220	363
240	153
528	717
570	672
