6476
10
0	778	472	573	204	496	406	476	636	502
778	0	370	435	585	901	801	374	561	768
472	370	0	158	268	536	665	331	292	413
573	435	158	0	382	488	816	487	140	344
204	585	268	382	0	469	470	338	468	414
496	901	536	488	469	0	895	787	424	148
406	801	665	816	470	895	0	428	925	874
476	374	331	487	338	787	428	0	623	697
636	561	292	140	468	424	925	623	0	276
502	768	413	344	414	148	874	697	276	0
0	6	7	1	2	3	8	9	5	4
2973
258	488
884	950
711	622
831	518
450	557
572	104
88	857
515	889
887	389
676	210
