9986
10
0	436	707	572	256	209	473	255	359	580
436	0	270	144	681	251	180	332	385	548
707	270	0	144	948	514	318	570	587	677
572	144	144	0	808	374	182	426	447	558
256	681	948	808	0	434	680	415	479	652
209	251	514	374	434	0	264	125	228	452
473	180	318	182	680	264	0	271	269	382
255	332	570	426	415	125	271	0	111	339
359	385	587	447	479	228	269	111	0	228
580	548	677	558	652	452	382	339	228	0
0	5	1	2	3	6	9	8	7	4
2448
291	38
711	158
968	242
824	248
36	66
460	161
662	332
398	270
397	381
398	609
