1132
10
0	358	651	424	544	405	227	290	535	231
358	0	1005	743	896	760	133	281	894	407
651	1005	0	488	109	246	872	828	171	667
424	743	488	0	431	335	628	709	317	604
544	896	109	431	0	142	763	719	138	558
405	760	246	335	142	0	627	601	159	447
227	133	872	628	763	627	0	209	762	295
290	281	828	709	719	601	209	0	756	163
535	894	171	317	138	159	762	756	0	604
231	407	667	604	558	447	295	163	604	0
0	6	1	7	9	5	4	2	8	3
2414
675	627
968	834
233	148
251	636
323	211
396	333
870	744
956	553
237	319
827	452
