7472
10
0	423	358	710	111	282	336	587	446	422
423	0	702	599	371	140	532	350	711	718
358	702	0	681	341	580	660	697	153	661
710	599	681	0	599	613	1006	267	564	1131
111	371	341	599	0	240	431	483	391	533
282	140	580	613	240	0	427	402	608	598
336	532	660	1006	431	427	0	825	773	202
587	350	697	267	483	402	825	0	630	981
446	711	153	564	391	608	773	630	0	798
422	718	661	1131	533	598	202	981	798	0
0	4	2	8	3	7	1	5	6	9
2977
464	343
382	758
784	182
976	836
542	423
402	619
132	288
712	876
905	276
129	86
