4344
10
0	860	785	627	553	95	214	914	832	188
860	0	579	651	757	906	975	448	331	697
785	579	0	185	321	766	986	216	262	603
627	651	185	0	138	597	837	387	389	458
553	757	321	138	0	505	767	525	520	408
95	906	766	597	505	0	282	914	843	210
214	975	986	837	767	282	0	1097	1004	383
914	448	216	387	525	914	1097	0	129	725
832	331	262	389	520	843	1004	129	0	644
188	697	603	458	408	210	383	725	644	0
0	6	1	8	7	2	3	4	9	5
2901
97	291
951	395
624	873
449	811
311	801
45	371
25	89
836	829
822	700
254	396
