7331
10
0	361	483	360	287	362	247	604	45	226
361	0	806	568	522	570	198	888	316	498
483	806	0	699	635	700	624	170	523	311
360	568	699	0	74	2	564	859	369	556
287	522	635	74	0	76	500	792	299	482
362	570	700	2	76	0	566	860	371	558
247	198	624	564	500	566	0	694	213	312
604	888	170	859	792	860	694	0	638	395
45	316	523	369	299	371	213	638	0	251
226	498	311	556	482	558	312	395	251	0
0	8	1	6	9	7	2	5	3	4
2499
366	505
8	455
796	284
404	863
410	789
404	865
175	347
830	117
321	503
486	313
