1332
10
0	640	253	695	945	880	882	842	929	495
640	0	387	224	345	344	352	420	374	344
253	387	0	467	696	650	645	639	688	303
695	224	467	0	496	184	548	201	556	542
945	345	696	496	0	491	137	635	97	509
880	344	650	184	491	0	583	157	573	687
882	352	645	548	137	583	0	713	54	413
842	420	639	201	635	157	713	0	710	743
929	374	688	556	97	573	54	710	0	465
495	344	303	542	509	687	413	743	465	0
0	2	3	7	5	4	8	6	1	9
2911
35	482
673	422
288	468
670	198
974	591
837	119
890	700
729	5
942	683
477	705
