3799
10
0	1036	828	166	928	541	185	629	450	291
1036	0	591	895	578	874	994	585	1249	788
828	591	0	663	102	389	689	800	817	737
166	895	663	0	763	403	129	562	448	242
928	578	102	763	0	485	791	861	913	826
541	874	389	403	485	0	364	813	428	590
185	994	689	129	791	364	0	692	319	368
629	585	800	562	861	813	692	0	1009	338
450	1249	817	448	913	428	319	1009	0	687
291	788	737	242	826	590	368	338	687	0
0	3	6	8	5	2	4	1	7	9
3325
56	552
974	70
878	654
222	556
980	648
526	821
189	681
391	19
135	996
224	314
