6692
10
0	704	352	820	231	677	306	464	276	303
704	0	514	964	868	525	868	1035	598	909
352	514	0	563	403	325	370	528	487	422
820	964	563	0	698	452	593	596	1034	648
231	868	403	698	0	694	107	234	507	75
677	525	325	452	694	0	629	744	780	690
306	868	370	593	107	629	0	174	580	62
464	1035	528	596	234	744	174	0	740	160
276	598	487	1034	507	780	580	740	0	580
303	909	422	648	75	690	62	160	580	0
0	4	9	6	7	3	5	2	1	8
3303
696	307
59	7
363	422
200	961
751	532
57	532
681	613
764	766
657	33
743	607
