6577
10
0	343	592	569	800	496	281	512	689	402
343	0	457	396	633	154	354	334	345	615
592	457	0	76	208	449	335	788	558	526
569	396	76	0	242	375	336	721	481	558
800	633	208	242	0	585	542	948	637	702
496	154	449	375	585	0	458	369	195	730
281	354	335	336	542	458	0	658	643	272
512	334	788	721	948	369	658	0	441	886
689	345	558	481	637	195	643	441	0	916
402	615	526	558	702	730	272	886	916	0
0	9	6	2	4	3	8	5	1	7
3135
832	434
631	713
241	473
273	543
34	501
523	823
559	366
872	945
434	997
610	98
