6477
10
0	789	817	158	635	702	804	238	610	518
789	0	61	683	823	117	1032	749	901	856
817	61	0	719	881	118	1091	791	957	910
158	683	719	0	498	611	685	123	490	399
635	823	881	498	0	821	218	397	105	149
702	117	118	611	821	0	1037	691	889	834
804	1032	1091	685	218	1037	0	570	195	287
238	749	791	123	397	691	570	0	375	283
610	901	957	490	105	889	195	375	0	92
518	856	910	399	149	834	287	283	92	0
0	3	7	9	8	6	4	1	2	5
2773
870	929
777	145
829	113
748	828
252	779
861	227
66	894
636	881
261	884
353	889
