7043
10
0	512	763	882	855	619	753	1083	940	83
512	0	584	372	533	171	566	793	606	429
763	584	0	743	216	451	18	335	268	707
882	372	743	0	583	341	726	800	616	800
855	533	216	583	0	367	205	260	85	785
619	171	451	341	367	0	433	626	437	537
753	566	18	726	205	433	0	340	262	696
1083	793	335	800	260	626	340	0	192	1020
940	606	268	616	85	437	262	192	0	870
83	429	707	800	785	537	696	1020	870	0
0	9	1	3	5	4	8	7	2	6
2975
759	967
847	462
268	382
959	107
383	199
718	349
286	380
160	64
343	124
767	884
