1826
10
0	547	186	378	415	593	715	160	532	333
547	0	609	667	629	491	296	551	431	246
186	609	0	198	250	762	831	58	696	450
378	667	198	0	79	919	930	220	850	573
415	629	250	79	0	921	903	256	851	563
593	491	762	919	921	0	341	713	71	368
715	296	831	930	903	341	0	773	319	384
160	551	58	220	256	713	773	0	647	393
532	431	696	850	851	71	319	647	0	297
333	246	450	573	563	368	384	393	297	0
0	7	2	3	4	9	1	6	5	8
2544
291	426
835	484
237	604
248	802
317	841
712	8
977	224
293	586
693	77
619	365
