9977
10
0	493	510	887	74	390	847	494	1030	644
493	0	791	883	419	311	538	534	784	628
510	791	0	517	523	494	804	332	865	401
887	883	517	0	858	606	549	403	457	264
74	419	523	858	0	327	782	458	973	606
390	311	494	606	327	0	458	225	646	341
847	538	804	549	782	458	0	478	252	421
494	534	332	403	458	225	478	0	582	149
1030	784	865	457	973	646	252	582	0	465
644	628	401	264	606	341	421	149	465	0
0	4	5	1	6	8	3	9	7	2
3214
716	7
242	143
972	449
707	894
648	38
493	327
201	680
643	496
251	927
621	644
