4642
10
0	252	216	66	776	894	406	327	873	873
252	0	202	185	756	713	163	514	767	730
216	202	0	181	588	685	281	339	659	657
66	185	181	0	762	843	341	369	839	831
776	756	588	762	0	557	718	609	284	406
894	713	685	843	557	0	571	933	299	161
406	163	281	341	718	571	0	620	671	612
327	514	339	369	609	933	620	0	803	855
873	767	659	839	284	299	671	803	0	138
873	730	657	831	406	161	612	855	138	0
0	3	2	1	6	5	9	8	4	7
2702
85	529
241	331
301	524
126	477
792	849
954	316
386	256
183	842
954	615
957	477
