9647
10
0	660	688	400	768	601	864	60	740	111
660	0	391	352	387	392	383	600	569	738
688	391	0	295	774	738	774	638	930	796
400	352	295	0	644	547	690	346	739	505
768	387	774	644	0	179	124	717	228	796
601	392	738	547	179	0	297	554	194	620
864	383	774	690	124	297	0	811	339	901
60	600	638	346	717	554	811	0	702	158
740	569	930	739	228	194	339	702	0	735
111	738	796	505	796	620	901	158	735	0
0	9	5	8	4	6	1	2	3	7
2752
882	57
399	508
203	169
498	170
662	793
766	647
556	858
837	97
890	797
993	69
