4302
10
0	256	172	487	358	685	125	439	573	412
256	0	114	616	603	898	374	578	551	656
172	114	0	507	497	784	298	467	483	585
487	616	507	0	371	380	517	49	334	666
358	603	497	371	0	357	289	330	648	305
685	898	784	380	357	0	641	381	711	616
125	374	298	517	289	641	0	468	665	286
439	578	467	49	330	381	468	0	348	621
573	551	483	334	648	711	665	348	0	898
412	656	585	666	305	616	286	621	898	0
0	2	1	8	3	7	5	4	9	6
2674
379	292
431	41
473	147
803	532
449	644
700	898
304	393
755	520
949	231
144	631
