1893
10
0	209	372	93	559	428	298	733	549	270
209	0	532	284	742	596	454	943	709	291
372	532	0	389	226	67	529	553	179	318
93	284	389	0	546	435	207	672	557	354
559	742	226	546	0	159	623	386	124	544
428	596	67	435	159	0	556	503	122	385
298	454	529	207	623	556	0	620	671	560
733	943	553	672	386	503	620	0	511	841
549	709	179	557	124	122	671	511	0	475
270	291	318	354	544	385	560	841	475	0
0	3	6	7	4	8	5	2	9	1
2437
180	696
88	884
541	605
152	607
664	415
584	553
41	432
532	52
705	533
379	879
