5608
10
0	931	971	764	127	967	1100	548	998	850
931	0	272	597	818	40	177	694	229	318
971	272	0	835	846	294	269	882	61	578
764	597	835	0	720	603	749	233	811	290
127	818	846	720	0	855	983	526	874	766
967	40	294	603	855	0	154	712	245	317
1100	177	269	749	983	154	0	866	208	460
548	694	882	233	526	712	866	0	874	446
998	229	61	811	874	245	208	874	0	544
850	318	578	290	766	317	460	446	544	0
0	4	2	8	6	5	1	9	3	7
2825
53	176
787	750
620	965
817	153
110	290
827	756
882	900
594	83
680	953
862	440
