3887
10
0	406	330	300	426	494	517	759	722	659
406	0	315	114	800	687	906	628	648	778
330	315	0	230	575	376	693	432	408	464
300	114	230	0	686	588	792	606	608	694
426	800	575	686	0	382	120	881	803	555
494	687	376	588	382	0	490	522	435	185
517	906	693	792	120	490	0	998	918	655
759	628	432	606	881	522	998	0	98	434
722	648	408	608	803	435	918	98	0	335
659	778	464	694	555	185	655	434	335	0
0	3	1	2	7	8	9	5	4	6
2798
794	568
869	168
587	310
814	268
502	879
300	554
507	999
255	33
222	126
145	453
