3815
10
0	696	625	404	291	996	775	227	246	736
696	0	181	362	800	377	503	865	545	160
625	181	0	234	793	555	650	825	427	335
404	362	234	0	615	729	692	618	193	472
291	800	793	615	0	1010	682	155	512	781
996	377	555	729	1010	0	424	1116	897	264
775	503	650	692	682	424	0	817	786	356
227	865	825	618	155	1116	817	0	473	871
246	545	427	193	512	897	786	473	0	633
736	160	335	472	781	264	356	871	633	0
0	7	4	6	5	9	1	2	3	8
2766
230	295
614	876
433	887
301	693
441	94
985	946
972	522
287	75
186	538
759	808
