643
10
0	429	563	620	561	245	693	172	449	672
429	0	168	761	386	228	462	353	190	474
563	168	0	927	522	327	569	514	337	593
620	761	927	0	481	758	563	496	601	513
561	386	522	481	0	519	135	392	196	112
245	228	327	758	519	0	629	266	341	626
693	462	569	563	135	629	0	526	288	50
172	353	514	496	392	266	526	0	307	502
449	190	337	601	196	341	288	307	0	292
672	474	593	513	112	626	50	502	292	0
0	7	3	9	6	4	8	1	2	5
2492
767	137
343	207
204	112
880	747
427	584
529	75
322	669
687	290
396	390
371	681
