5877
10
0	372	697	483	444	495	276	668	35	576
372	0	1009	120	770	189	104	943	376	942
697	1009	0	1087	254	1039	941	141	719	326
483	120	1087	0	856	111	224	1009	490	1045
444	770	254	856	0	822	695	257	465	262
495	189	1039	111	822	0	277	950	510	1030
276	104	941	224	695	277	0	886	276	852
668	943	141	1009	257	950	886	0	695	427
35	376	719	490	465	510	276	695	0	583
576	942	326	1045	262	1030	852	427	583	0
0	8	6	1	3	5	7	2	9	4
2769
322	509
164	172
958	796
165	52
721	704
271	16
173	276
974	655
291	526
677	963
