1964
10
0	421	436	759	194	597	278	497	503	486
421	0	728	503	427	473	143	545	515	214
436	728	0	792	626	1028	617	355	398	655
759	503	792	0	865	969	575	443	397	303
194	427	626	865	0	432	301	673	673	567
597	473	1028	969	432	0	471	968	949	687
278	143	617	575	301	471	0	497	478	272
497	545	355	443	673	968	497	0	46	386
503	515	398	397	673	949	478	46	0	346
486	214	655	303	567	687	272	386	346	0
0	2	7	8	3	9	1	6	5	4
2991
771	490
350	483
972	103
185	7
729	680
394	954
493	493
628	14
582	23
338	269
