752
10
0	937	928	327	1037	72	837	203	799	483
937	0	189	704	339	994	253	868	287	892
928	189	0	753	165	993	418	820	149	786
327	704	753	0	896	352	547	418	661	657
1037	339	165	896	0	1105	581	905	239	820
72	994	993	352	1105	0	882	270	867	547
837	253	418	547	581	882	0	824	450	927
203	868	820	418	905	270	824	0	678	281
799	287	149	661	239	867	450	678	0	637
483	892	786	657	820	547	927	281	637	0
0	5	3	6	1	2	4	8	9	7
2938
73	688
989	490
922	313
370	826
961	152
27	744
909	731
121	490
773	301
142	209
