8445
10
0	804	172	395	274	433	321	908	682	274
804	0	739	973	606	900	995	206	419	1044
172	739	0	563	345	589	493	876	713	310
395	973	563	0	381	115	117	997	672	554
274	606	345	381	0	338	389	668	409	549
433	900	589	115	338	0	222	907	572	633
321	995	493	117	389	222	0	1042	735	442
908	206	876	997	668	907	1042	0	349	1168
682	419	713	672	409	572	735	349	0	956
274	1044	310	554	549	633	442	1168	956	0
0	2	1	7	8	4	5	3	6	9
3161
742	313
279	971
820	467
479	18
481	399
379	76
596	27
76	931
116	584
998	213
