2062
10
0	223	281	343	479	364	270	267	385	451
223	0	59	359	691	411	195	411	165	624
281	59	0	397	751	452	225	467	117	681
343	359	397	0	551	63	174	212	412	391
479	691	751	551	0	509	634	342	837	205
364	411	452	63	509	0	233	183	473	338
270	195	225	174	634	233	0	302	242	515
267	411	467	212	342	183	302	0	529	216
385	165	117	412	837	473	242	529	0	745
451	624	681	391	205	338	515	216	745	0
0	1	2	8	6	3	5	7	9	4
1961
758	373
898	199
945	162
553	98
340	607
494	121
727	104
500	304
962	46
308	404
