105
10
0	966	605	1055	671	335	176	201	652	699
966	0	367	102	498	632	922	765	472	837
605	367	0	451	378	280	555	408	338	583
1055	102	451	0	599	724	1002	856	574	868
671	498	378	599	0	391	721	494	40	939
335	632	280	724	391	0	336	134	361	618
176	922	555	1002	721	336	0	231	694	528
201	765	408	856	494	134	231	0	470	631
652	472	338	574	40	361	694	470	0	900
699	837	583	868	939	618	528	631	900	0
0	6	9	2	3	1	4	8	5	7
3074
288	966
738	111
617	458
825	57
275	295
421	658
463	992
367	781
311	314
985	911
