2410
10
0	583	244	283	591	319	302	258	470	613
583	0	828	558	426	642	748	834	118	56
244	828	0	433	787	415	315	76	715	857
283	558	433	0	749	589	204	392	443	562
591	426	787	749	0	417	873	831	432	481
319	642	415	589	417	0	615	477	564	691
302	748	315	204	873	615	0	250	631	758
258	834	76	392	831	477	250	0	718	859
470	118	715	443	432	564	631	718	0	142
613	56	857	562	481	691	758	859	142	0
0	2	7	6	3	8	9	1	4	5
2577
689	590
348	116
834	787
417	670
759	3
932	383
524	844
774	834
389	227
292	122
