5941
10
0	139	356	444	248	680	731	572	327	305
139	0	325	460	203	595	606	486	188	256
356	325	0	780	529	886	813	265	401	75
444	460	780	0	271	446	671	938	516	714
248	203	529	271	0	435	536	668	252	458
680	595	886	446	435	0	298	920	489	810
731	606	813	671	536	298	0	760	432	742
572	486	265	938	668	920	760	0	451	276
327	188	401	516	252	489	432	451	0	325
305	256	75	714	458	810	742	276	325	0
0	4	3	5	6	8	7	2	9	1
2881
689	184
583	275
368	30
966	531
714	431
669	864
371	843
120	125
462	420
395	101
