2200
10
0	640	286	640	289	92	392	993	611	219
640	0	462	138	351	621	617	684	418	791
286	462	0	521	202	215	193	1003	626	503
640	138	521	0	362	641	697	550	289	757
289	351	202	362	0	279	396	804	424	454
92	621	215	641	279	0	300	1038	653	307
392	617	193	697	396	300	0	1195	820	607
993	684	1003	550	804	1038	1195	0	385	991
611	418	626	289	424	653	820	385	0	640
219	791	503	757	454	307	607	991	640	0
0	5	6	2	4	1	3	7	8	9
3070
86	395
700	211
241	154
725	347
364	315
85	303
118	4
975	838
652	627
12	602
