6509
10
0	532	401	834	465	781	499	292	260	441
532	0	392	855	403	555	877	375	325	235
401	392	0	1095	636	893	891	111	177	502
834	855	1095	0	467	401	575	1000	922	630
465	403	636	467	0	316	549	549	471	169
781	555	893	401	316	0	779	825	749	393
499	877	891	575	549	779	0	779	727	669
292	375	111	1000	549	825	779	0	78	432
260	325	177	922	471	749	727	78	0	356
441	235	502	630	169	393	669	432	356	0
0	8	7	2	1	9	4	5	3	6
3036
547	876
114	566
154	956
824	89
488	414
423	104
988	641
257	913
289	841
336	488
