3699
10
0	733	621	549	361	195	324	619	503	83
733	0	353	456	778	811	409	645	928	806
621	353	0	650	826	772	378	837	995	666
549	456	650	0	388	510	349	193	505	632
361	778	826	388	0	198	448	339	169	418
195	811	772	510	198	0	419	518	313	231
324	409	378	349	448	419	0	506	617	398
619	645	837	193	339	518	506	0	394	696
503	928	995	505	169	313	617	394	0	544
83	806	666	632	418	231	398	696	544	0
0	9	5	4	8	7	3	1	2	6
2779
489	845
464	112
172	311
816	403
846	790
678	895
487	521
992	483
991	877
448	918
