3782
10
0	358	609	77	659	605	624	1037	494	606
358	0	331	281	555	553	859	946	269	250
609	331	0	541	338	389	893	677	125	231
77	281	541	0	620	574	664	1006	430	529
659	555	338	620	0	93	663	395	300	562
605	553	389	574	93	0	570	432	323	600
624	859	893	664	663	570	0	842	779	1036
1037	946	677	1006	395	432	842	0	681	908
494	269	125	430	300	323	779	681	0	280
606	250	231	529	562	600	1036	908	280	0
0	3	1	9	2	8	5	4	7	6
3241
291	49
649	27
851	290
368	46
680	582
587	577
17	610
781	964
726	285
897	63
