3899
10
0	338	401	588	1015	803	769	1152	572	411
338	0	67	255	769	512	655	843	270	374
401	67	0	188	752	483	676	801	246	422
588	255	188	0	703	415	737	677	240	559
1015	769	752	703	0	288	413	333	506	656
803	512	483	415	288	0	462	355	241	524
769	655	676	737	413	462	0	720	497	358
1152	843	801	677	333	355	720	0	581	872
572	270	246	240	506	241	497	581	0	379
411	374	422	559	656	524	358	872	379	0
0	1	2	3	8	5	7	4	6	9
2944
93	92
228	402
230	469
268	654
970	604
683	637
854	207
888	927
470	523
501	145
