1062
10
0	615	130	524	340	603	795	789	667	264
615	0	744	171	847	102	834	787	997	791
130	744	0	646	313	733	865	867	674	242
524	171	646	0	807	249	921	881	1017	741
340	847	313	807	0	799	639	659	367	77
603	102	733	249	799	0	735	687	918	749
795	834	865	921	639	735	0	60	408	666
789	787	867	881	659	687	60	0	455	679
667	997	674	1017	367	918	408	455	0	432
264	791	242	741	77	749	666	679	432	0
0	2	9	4	8	6	7	5	1	3
2768
710	799
95	795
839	821
202	929
894	512
116	695
458	44
404	71
853	147
856	579
