9330
10
0	533	527	394	757	529	508	389	327	240
533	0	398	864	481	203	275	424	214	709
527	398	0	673	236	201	123	151	416	560
394	864	673	0	899	781	726	529	689	160
757	481	236	899	0	295	265	387	586	794
529	203	201	781	295	0	79	272	296	642
508	275	123	726	265	79	0	203	325	593
389	424	151	529	387	272	203	0	362	409
327	214	416	689	586	296	325	362	0	529
240	709	560	160	794	642	593	409	529	0
0	9	3	7	2	4	6	5	1	8
2404
590	554
57	531
227	171
889	296
23	51
108	334
163	277
363	237
264	586
749	374
