8448
10
0	536	717	676	700	465	210	1032	1081	565
536	0	637	321	278	103	389	531	639	496
717	637	0	378	914	692	768	724	629	164
676	321	378	0	570	409	616	404	407	295
700	278	914	570	0	265	501	619	785	774
465	103	692	409	265	0	298	632	742	539
210	389	768	616	501	298	0	917	1001	605
1032	531	724	404	619	632	917	0	202	690
1081	639	629	407	785	742	1001	202	0	641
565	496	164	295	774	539	605	690	641	0
0	6	5	4	7	8	2	9	3	1
3539
123	47
285	558
821	212
604	522
79	746
195	507
53	245
673	921
859	840
658	231
