1963
10
0	473	318	55	425	587	399	202	83	209
473	0	641	528	163	175	518	574	513	433
318	641	0	300	666	676	223	117	385	208
55	528	300	0	480	638	411	182	86	231
425	163	666	480	0	338	594	576	440	461
587	175	676	638	338	0	503	638	642	485
399	518	223	411	594	503	0	269	481	191
202	574	117	182	576	638	269	0	268	153
83	513	385	86	440	642	481	268	0	293
209	433	208	231	461	485	191	153	293	0
0	8	4	1	5	9	6	2	7	3
2114
372	797
785	565
144	574
320	817
792	728
795	390
292	406
219	665
379	880
352	588
