3937
10
0	825	545	927	962	359	588	1018	244	1004
825	0	335	258	190	507	348	278	835	192
545	335	0	381	516	338	66	597	507	481
927	258	381	0	395	675	346	482	866	203
962	190	516	395	0	617	536	90	1002	224
359	507	338	675	617	0	403	665	485	698
588	348	66	346	536	403	0	620	523	471
1018	278	597	482	90	665	620	0	1073	299
244	835	507	866	1002	485	523	1073	0	988
1004	192	481	203	224	698	471	299	988	0
0	8	6	3	9	7	4	1	2	5
2927
849	824
212	299
349	605
1	449
204	109
674	510
291	638
223	21
674	995
27	247
