1385
10
0	290	828	33	645	429	791	217	240	389
290	0	636	323	364	164	609	73	433	299
828	636	0	853	665	481	45	679	774	916
33	323	853	0	678	461	815	250	230	412
645	364	665	678	0	319	662	433	794	417
429	164	481	461	319	0	458	226	509	436
791	609	45	815	662	458	0	649	731	894
217	73	679	250	433	226	649	0	374	297
240	433	774	230	794	509	731	374	0	619
389	299	916	412	417	436	894	297	619	0
0	3	8	6	2	5	4	9	1	7
2845
34	686
297	563
832	907
4	701
553	303
456	607
789	922
230	592
58	925
136	310
