8751
10
0	506	451	314	305	359	347	419	692	517
506	0	262	752	289	361	853	598	600	857
451	262	0	594	145	136	755	717	818	923
314	752	594	0	477	460	233	707	1003	709
305	289	145	477	0	100	617	599	748	786
359	361	136	460	100	0	632	692	848	862
347	853	755	233	617	632	0	621	953	537
419	598	717	707	599	692	621	0	342	288
692	600	818	1003	748	848	953	342	0	588
517	857	923	709	786	862	537	288	588	0
0	3	6	9	7	8	1	2	5	4
3117
618	599
172	840
389	988
913	707
461	861
518	944
943	475
356	271
14	261
575	83
