5086
10
0	386	143	174	510	80	444	339	394	479
386	0	396	433	565	428	777	637	590	529
143	396	0	318	367	221	381	472	258	338
174	433	318	0	682	105	568	205	566	651
510	565	367	682	0	588	493	837	202	36
80	428	221	105	588	0	471	259	463	559
444	777	381	568	493	471	0	596	293	491
339	637	472	205	837	259	596	0	687	809
394	590	258	566	202	463	293	687	0	198
479	529	338	651	36	559	491	809	198	0
0	5	3	7	6	8	4	9	1	2
2585
519	472
841	686
454	600
607	321
341	950
529	392
79	532
523	133
256	766
370	928
