8901
10
0	169	154	427	517	563	191	690	466	298
169	0	262	587	602	555	173	697	635	191
154	262	0	463	641	717	342	840	432	289
427	587	463	0	371	640	498	691	204	719
517	602	641	371	0	319	437	328	572	788
563	555	717	640	319	0	392	147	820	742
191	173	342	498	437	392	0	529	600	365
690	697	840	691	328	147	529	0	885	886
466	635	432	204	572	820	600	885	0	720
298	191	289	719	788	742	365	886	720	0
0	2	8	3	4	7	5	6	1	9
2690
702	711
641	869
856	718
693	284
328	354
146	617
515	750
41	513
897	287
783	998
