5821
10
0	393	230	502	433	760	656	531	113	419
393	0	572	290	270	369	329	160	457	355
230	572	0	729	661	918	869	679	123	649
502	290	729	0	72	491	199	401	606	156
433	270	661	72	0	526	264	402	538	105
760	369	918	491	526	0	343	239	812	631
656	329	869	199	264	343	0	356	746	355
531	160	679	401	402	239	356	0	574	499
113	457	123	606	538	812	746	574	0	531
419	355	649	156	105	631	355	499	531	0
0	8	2	1	7	5	6	3	4	9
2345
893	231
580	470
909	1
743	711
782	650
256	647
564	799
420	473
873	119
887	650
