4160
10
0	569	667	431	610	281	191	356	735	309
569	0	723	583	991	470	460	828	206	618
667	723	0	236	473	403	776	543	707	372
431	583	236	0	427	173	545	374	633	152
610	991	473	427	0	523	794	269	1060	377
281	470	403	173	523	0	373	371	570	147
191	460	776	545	794	373	0	547	654	458
356	828	543	374	269	371	547	0	942	240
735	206	707	633	1060	570	654	942	0	710
309	618	372	152	377	147	458	240	710	0
0	7	4	2	3	9	5	8	1	6
3060
822	216
269	82
463	779
582	575
935	816
612	404
728	49
955	547
87	180
718	507
