6995
10
0	509	347	114	452	508	227	491	405	520
509	0	277	514	103	997	552	76	334	1025
347	277	0	413	299	766	296	314	86	814
114	514	413	0	439	569	342	480	484	559
452	103	299	439	0	955	537	41	374	973
508	997	766	569	955	0	474	991	777	113
227	552	296	342	537	474	0	566	302	534
491	76	314	480	41	991	566	0	383	1011
405	334	86	484	374	777	302	383	0	836
520	1025	814	559	973	113	534	1011	836	0
0	9	5	6	8	2	1	7	4	3
2442
213	461
479	27
522	301
119	395
376	39
138	964
410	575
405	9
600	339
26	947
