7214
10
0	187	365	323	341	199	869	54	283	197
187	0	315	348	265	102	735	152	146	110
365	315	0	134	61	416	538	381	196	208
323	348	134	0	176	438	660	357	275	241
341	265	61	176	0	367	536	349	136	164
199	102	416	438	367	0	823	147	245	209
869	735	538	660	536	823	0	864	595	673
54	152	381	357	349	147	864	0	270	191
283	146	196	275	136	245	595	270	0	89
197	110	208	241	164	209	673	191	89	0
0	7	5	1	8	6	4	2	3	9
2213
30	763
205	830
315	534
191	482
327	594
155	919
851	478
54	812
312	730
223	721
