9583
10
0	619	286	285	309	525	338	348	498	120
619	0	375	560	490	997	520	447	585	518
286	375	0	399	144	628	185	132	325	167
285	560	399	0	505	810	546	520	707	319
309	490	144	505	0	507	43	54	202	201
525	997	628	810	507	0	483	555	503	540
338	520	185	546	43	483	0	73	163	237
348	447	132	520	54	555	73	0	193	234
498	585	325	707	202	503	163	193	0	400
120	518	167	319	201	540	237	234	400	0
0	5	8	6	4	7	1	2	9	3
2881
752	314
166	114
467	339
720	30
492	481
862	828
486	524
439	468
389	655
634	338
