8460
10
0	238	278	808	392	641	321	210	358	408
238	0	483	644	162	738	390	390	254	576
278	483	0	891	645	439	261	100	466	156
808	644	891	0	629	784	635	801	452	863
392	162	645	629	0	878	536	552	346	735
641	738	439	784	878	0	347	444	552	289
321	390	261	635	536	347	0	186	247	242
210	390	100	801	552	444	186	0	368	199
358	254	466	452	346	552	247	368	0	487
408	576	156	863	735	289	242	199	487	0
0	7	2	9	5	3	4	1	8	6
3152
392	153
199	293
669	181
196	937
40	327
886	563
568	422
585	236
336	507
775	296
