8270
10
0	411	881	531	62	281	785	558	834	366
411	0	932	812	377	617	474	186	485	372
881	932	0	534	928	693	764	870	867	579
531	812	534	0	593	254	937	864	1028	480
62	377	928	593	0	344	779	537	822	392
281	617	693	254	344	0	857	710	932	368
785	474	764	937	779	857	0	292	103	488
558	186	870	864	537	710	292	0	299	384
834	485	867	1028	822	932	103	299	0	566
366	372	579	480	392	368	488	384	566	0
0	4	1	7	8	6	9	2	3	5
3163
383	824
82	543
914	121
887	655
321	835
658	765
151	74
76	357
49	59
446	463
