7986
10
0	489	356	434	426	371	326	503	571	567
489	0	833	445	623	221	172	776	680	573
356	833	0	620	659	672	679	651	812	856
434	445	620	0	816	229	422	924	936	880
426	623	659	816	0	657	476	159	153	223
371	221	672	229	657	0	206	789	756	680
326	172	679	422	476	206	0	621	558	475
503	776	651	924	159	789	621	0	227	350
571	680	812	936	153	756	558	227	0	141
567	573	856	880	223	680	475	350	141	0
0	6	1	5	3	2	7	4	8	9
3239
315	399
604	794
19	200
159	805
678	175
385	764
544	632
645	19
830	152
871	287
