7839
10
0	474	262	575	638	427	737	345	728	801
474	0	520	203	257	485	546	387	416	334
262	520	0	523	753	201	550	569	880	792
575	203	523	0	421	411	357	578	587	274
638	257	753	421	0	741	779	396	166	372
427	485	201	411	741	0	352	665	891	684
737	546	550	357	779	352	0	874	945	548
345	387	569	578	396	665	874	0	425	696
728	416	880	587	166	891	945	425	0	513
801	334	792	274	372	684	548	696	513	0
0	2	5	6	3	9	1	4	8	7
2973
748	228
392	541
903	440
467	730
150	452
868	638
737	965
411	154
28	339
208	820
