1629
10
0	393	795	335	169	865	186	747	307	851
393	0	1135	603	385	915	506	891	120	1185
795	1135	0	539	749	813	633	594	1017	58
335	603	539	0	223	587	150	429	483	586
169	385	749	223	0	698	129	595	269	799
865	915	813	587	698	0	715	220	815	821
186	506	633	150	129	715	0	575	394	686
747	891	594	429	595	220	575	0	777	604
307	120	1017	483	269	815	394	777	0	1067
851	1185	58	586	799	821	686	604	1067	0
0	2	9	7	5	3	6	4	8	1
3325
837	439
992	77
146	834
502	429
704	334
78	23
651	452
116	240
886	135
88	844
