4708
10
0	697	548	214	573	685	936	419	606	553
697	0	214	674	183	410	651	427	445	465
548	214	0	586	258	254	799	420	254	517
214	674	586	0	511	783	760	289	720	392
573	183	258	511	0	510	541	247	512	286
685	410	254	783	510	0	1044	666	95	771
936	651	799	760	541	1044	0	526	1053	383
419	427	420	289	247	666	526	0	635	145
606	445	254	720	512	95	1053	635	0	753
553	465	517	392	286	771	383	145	753	0
0	3	7	9	6	4	1	2	5	8
2924
734	977
310	423
303	637
864	807
490	458
82	764
842	47
716	558
144	836
775	425
