6650
10
0	252	518	178	81	650	103	593	424	925
252	0	642	385	225	818	347	842	498	1073
518	642	0	641	598	209	450	747	165	431
178	385	641	0	160	731	194	477	578	1014
81	225	598	160	0	730	176	621	498	1007
650	818	209	731	730	0	561	696	372	282
103	347	450	194	176	561	0	518	385	840
593	842	747	477	621	696	518	0	792	935
424	498	165	578	498	372	385	792	0	588
925	1073	431	1014	1007	282	840	935	588	0
0	6	3	7	5	9	2	8	1	4
3152
244	660
287	909
704	420
83	582
180	710
714	211
276	562
25	108
661	580
960	73
