96
10
0	252	447	415	594	680	388	790	137	562
252	0	342	457	560	432	575	565	375	408
447	342	0	247	234	445	524	439	487	134
415	457	247	0	210	688	303	683	380	370
594	560	234	210	0	648	503	581	583	286
680	432	445	688	648	0	926	205	788	362
388	575	524	303	503	926	0	961	265	657
790	565	439	683	581	205	961	0	876	313
137	375	487	380	583	788	265	876	0	616
562	408	134	370	286	362	657	313	616	0
0	8	6	3	4	2	9	7	5	1
2485
900	600
668	699
499	401
689	242
492	167
240	764
992	223
110	605
979	488
366	424
