1897
10
0	191	591	103	126	562	199	539	268	381
191	0	777	268	260	677	162	516	456	568
591	777	0	560	601	438	766	808	323	334
103	268	560	0	47	608	207	636	245	303
126	260	601	47	0	655	172	666	290	329
562	677	438	608	655	0	759	436	424	600
199	162	766	207	172	759	0	666	447	500
539	516	808	636	666	436	666	0	615	812
268	456	323	245	290	424	447	615	0	200
381	568	334	303	329	600	500	812	200	0
0	1	6	4	3	8	9	2	5	7
2764
620	691
771	573
71	911
619	794
664	810
101	474
816	729
429	186
374	799
394	998
