5730
10
0	656	406	767	117	551	76	889	868	844
656	0	518	502	699	560	591	269	524	559
406	518	0	378	352	145	402	647	487	451
767	502	378	0	729	268	744	448	111	78
117	699	352	729	0	489	180	911	836	803
551	560	145	268	489	0	548	627	380	331
76	591	402	744	180	548	0	832	841	822
889	269	647	448	911	627	832	0	410	470
868	524	487	111	836	380	841	410	0	69
844	559	451	78	803	331	822	470	69	0
0	6	1	7	8	9	3	5	2	4
2375
624	945
976	391
487	562
518	185
511	914
417	434
691	909
962	122
554	79
492	111
