2390
10
0	340	721	720	267	254	778	243	637	199
340	0	560	382	267	98	829	578	338	200
721	560	0	535	454	627	483	857	347	717
720	382	535	0	563	478	973	952	192	574
267	267	454	563	0	261	582	430	428	311
254	98	627	478	261	0	843	497	434	103
778	829	483	973	582	843	0	769	781	890
243	578	857	952	430	497	769	0	848	437
637	338	347	192	428	434	781	848	0	538
199	200	717	574	311	103	890	437	538	0
0	9	5	4	1	3	8	2	6	7
3246
716	650
557	349
13	486
321	48
454	596
636	408
6	969
771	887
242	224
730	451
