7612
10
0	962	402	756	66	774	612	1213	497	255
962	0	581	926	964	716	630	859	659	975
402	581	0	782	390	682	500	1065	417	512
756	926	782	0	815	223	317	558	366	526
66	964	390	815	0	823	656	1261	541	321
774	716	682	223	823	0	184	441	289	594
612	630	500	317	656	184	0	606	114	469
1213	859	1065	558	1261	441	606	0	719	1033
497	659	417	366	541	289	114	719	0	368
255	975	512	526	321	594	469	1033	368	0
0	4	2	1	7	3	5	6	8	9
3598
7	809
968	859
391	930
374	148
4	875
562	269
496	441
913	1
407	513
41	556
