1822
10
0	568	247	402	509	699	801	557	547	202
568	0	388	234	401	281	297	643	158	741
247	388	0	173	515	600	668	661	320	368
402	234	173	0	486	486	529	685	147	541
509	401	515	486	0	285	421	247	524	710
699	281	600	486	285	0	136	516	439	897
801	297	668	529	421	136	0	652	443	993
557	643	661	685	247	516	652	0	751	735
547	158	320	147	524	439	443	751	0	689
202	741	368	541	710	897	993	735	689	0
0	9	2	3	8	1	6	5	4	7
2570
218	322
761	490
455	250
620	303
469	765
754	771
890	758
249	879
765	332
98	159
