4223
10
0	765	305	789	492	645	699	815	662	268
765	0	474	71	823	196	319	102	282	710
305	474	0	490	456	340	404	513	447	264
789	71	490	0	803	173	270	33	351	709
492	823	456	803	0	631	570	811	889	233
645	196	340	173	631	0	151	187	381	540
699	319	404	270	570	151	0	265	532	537
815	102	513	33	811	187	265	0	384	726
662	282	447	351	889	381	532	384	0	711
268	710	264	709	233	540	537	726	711	0
0	9	4	2	6	5	7	3	1	8
2747
535	137
629	897
500	440
564	926
68	294
472	779
323	804
543	952
849	720
300	267
