9163
10
0	886	944	955	230	867	787	909	1015	755
886	0	1193	1084	750	948	122	180	404	609
944	1193	0	153	764	260	1076	1342	952	589
955	1084	153	0	752	137	972	1242	815	475
230	750	764	752	0	651	637	814	811	526
867	948	260	137	651	0	835	1105	691	338
787	122	1076	972	637	835	0	271	363	498
909	180	1342	1242	814	1105	271	0	583	769
1015	404	952	815	811	691	363	583	0	392
755	609	589	475	526	338	498	769	392	0
0	4	2	3	5	9	8	6	1	7
3588
81	24
950	197
39	968
192	973
200	221
280	868
837	245
990	21
917	600
526	635
