4165
10
0	302	572	375	661	486	382	288	533	636
302	0	271	258	523	282	647	575	669	460
572	271	0	371	497	337	914	847	844	404
375	258	371	0	292	536	757	656	473	260
661	523	497	292	0	770	1039	931	542	95
486	282	337	536	770	0	712	684	944	691
382	647	914	757	1039	712	0	118	777	1018
288	575	847	656	931	684	118	0	659	916
533	669	844	473	542	944	777	659	0	598
636	460	404	260	95	691	1018	916	598	0
0	1	5	2	9	4	3	8	7	6
3344
386	588
291	301
240	34
544	247
737	27
9	280
256	948
349	874
917	539
644	6
