2474
10
0	540	394	953	762	339	722	946	714	748
540	0	458	1062	1013	538	960	699	697	690
394	458	0	642	555	111	503	561	332	359
953	1062	642	0	291	631	288	636	375	402
762	1013	555	291	0	495	53	792	446	498
339	538	111	631	495	0	445	653	378	417
722	960	503	288	53	445	0	748	398	451
946	699	561	636	792	653	748	0	356	301
714	697	332	375	446	378	398	356	0	56
748	690	359	402	498	417	451	301	56	0
0	1	7	9	8	3	4	6	5	2
3265
9	434
190	943
391	531
927	177
666	48
348	428
649	99
877	812
721	491
750	539
