2656
10
0	274	500	206	287	530	402	564	673	749
274	0	245	281	560	416	257	456	601	680
500	245	0	524	785	560	420	598	751	825
206	281	524	0	391	342	249	371	469	544
287	560	785	391	0	728	638	752	820	885
530	416	560	342	728	0	158	40	191	268
402	257	420	249	638	158	0	198	345	424
564	456	598	371	752	40	198	0	153	228
673	601	751	469	820	191	345	153	0	79
749	680	825	544	885	268	424	228	79	0
0	1	2	6	5	7	9	8	3	4
2591
536	288
393	522
174	633
665	449
711	60
713	788
591	687
745	812
890	861
951	912
