4441
10
0	842	304	750	722	137	1036	693	453	393
842	0	914	107	362	743	275	529	424	571
304	914	0	809	909	248	1037	926	490	347
750	107	809	0	373	645	311	529	320	464
722	362	909	373	0	676	637	168	483	633
137	743	248	645	676	0	917	680	333	257
1036	275	1037	311	637	917	0	804	584	693
693	529	926	529	168	680	804	0	566	699
453	424	490	320	483	333	584	566	0	157
393	571	347	464	633	257	693	699	157	0
0	5	2	9	8	3	6	1	4	7
3018
992	299
332	823
819	49
373	724
673	947
855	295
64	760
839	975
574	474
599	318
