9680
10
0	708	439	688	392	659	575	551	367	397
708	0	747	270	375	73	547	290	355	376
439	747	0	567	387	675	281	467	444	383
688	270	567	0	296	208	314	137	335	291
392	375	387	296	0	309	287	159	76	8
659	73	675	208	309	0	474	217	297	309
575	547	281	314	287	474	0	260	363	279
551	290	467	137	159	217	260	0	203	153
367	355	444	335	76	297	363	203	0	84
397	376	383	291	8	309	279	153	84	0
0	8	4	9	5	1	3	7	6	2
2220
178	249
177	957
607	345
438	887
326	612
230	906
613	626
389	758
250	609
334	615
