6388
10
0	115	922	784	958	777	311	853	93	78
115	0	937	800	1007	830	415	849	103	86
922	937	0	137	301	325	789	167	847	868
784	800	137	0	325	266	660	158	710	731
958	1007	301	325	0	182	735	453	906	926
777	830	325	266	182	0	555	424	728	747
311	415	789	660	735	555	0	778	327	336
853	849	167	158	453	424	778	0	770	790
93	103	847	710	906	728	327	770	0	21
78	86	868	731	926	747	336	790	21	0
0	6	5	4	2	7	3	8	9	1
2606
867	370
832	260
9	708
138	659
131	984
283	883
798	674
31	542
776	347
795	338
