5839
10
0	537	318	454	557	225	665	186	566	18
537	0	673	89	83	372	231	444	864	532
318	673	0	584	727	308	866	491	867	336
454	89	584	0	151	282	301	380	824	451
557	83	727	151	0	420	150	439	825	550
225	372	308	282	420	0	557	280	747	232
665	231	866	301	150	557	0	517	831	654
186	444	491	380	439	280	517	0	474	170
566	864	867	824	825	747	831	474	0	550
18	532	336	451	550	232	654	170	550	0
0	9	7	8	6	4	1	3	5	2
2723
521	514
317	17
833	450
379	82
235	35
567	293
86	11
342	461
59	842
503	516
