5914
10
0	715	233	819	703	387	511	123	140	453
715	0	532	162	455	330	260	830	775	522
233	532	0	610	471	244	295	321	246	467
819	162	610	0	386	453	315	927	857	680
703	455	471	386	0	490	299	773	675	797
387	330	244	453	490	0	197	506	464	308
511	260	295	315	299	197	0	613	541	499
123	830	321	927	773	506	613	0	107	567
140	775	246	857	675	464	541	107	0	584
453	522	467	680	797	308	499	567	584	0
0	7	8	2	4	3	1	6	5	9
2713
808	184
509	834
613	312
349	863
186	513
675	548
479	575
814	61
709	85
978	604
