5968
10
0	534	745	840	351	888	966	438	327	347
534	0	332	307	335	471	449	739	409	636
745	332	0	377	653	147	536	759	723	683
840	307	377	0	586	438	165	1022	660	925
351	335	653	586	0	798	676	733	75	627
888	471	147	438	798	0	577	863	869	797
966	449	536	165	676	577	0	1180	746	1080
438	739	759	1022	733	863	1180	0	737	108
327	409	723	660	75	869	746	737	0	633
347	636	683	925	627	797	1080	108	633	0
0	8	4	1	3	6	5	2	7	9
3147
53	423
580	331
777	599
872	234
290	163
906	671
963	96
64	861
218	140
114	765
