93
10
0	442	473	846	540	761	327	604	545	481
442	0	138	535	273	913	495	232	200	679
473	138	0	414	135	809	429	350	77	599
846	535	414	0	307	825	657	671	338	745
540	273	135	307	0	721	406	475	95	547
761	913	809	825	721	0	456	1145	812	280
327	495	429	657	406	456	0	722	467	189
604	232	350	671	475	1145	722	0	384	908
545	200	77	338	95	812	467	384	0	623
481	679	599	745	547	280	189	908	623	0
0	6	9	5	3	4	8	2	1	7
3074
787	816
349	756
357	618
151	258
361	483
955	73
767	489
193	928
305	560
891	346
