9719
10
0	221	504	449	891	732	824	398	392	737
221	0	393	602	1065	800	960	199	586	771
504	393	0	588	1018	574	836	502	668	496
449	602	588	0	465	374	376	802	153	442
891	1065	1018	465	0	548	244	1264	502	666
732	800	574	374	548	0	313	983	527	118
824	960	836	376	244	313	0	1157	483	431
398	199	502	802	1264	983	1157	0	781	943
392	586	668	153	502	527	483	781	0	593
737	771	496	442	666	118	431	943	593	0
0	1	7	2	9	5	6	4	3	8
3103
396	741
175	761
28	396
615	349
998	84
454	11
767	5
30	898
691	482
336	6
