420
10
0	256	978	1085	550	515	492	495	437	344
256	0	956	869	504	348	290	473	434	263
978	956	0	852	452	672	1205	491	544	693
1085	869	852	0	725	579	913	782	823	771
550	504	452	725	0	266	761	66	125	241
515	348	672	579	266	0	541	286	296	193
492	290	1205	913	761	541	0	744	713	534
495	473	491	782	66	286	744	0	61	211
437	434	544	823	125	296	713	61	0	180
344	263	693	771	241	193	534	211	180	0
0	6	1	9	5	3	2	4	7	8
3685
652	34
436	173
992	951
140	991
736	578
476	519
161	78
762	517
766	456
605	375
