6136
10
0	621	164	511	551	534	87	92	65	700
621	0	475	842	357	881	596	610	674	250
164	475	0	609	485	639	121	205	228	594
511	842	609	0	538	39	596	423	469	750
551	357	485	538	0	577	578	488	573	212
534	881	639	39	577	0	620	449	488	790
87	596	121	596	578	620	0	172	147	706
92	610	205	423	488	449	172	0	86	655
65	674	228	469	573	488	147	86	0	736
700	250	594	750	212	790	706	655	736	0
0	6	2	1	9	4	3	5	7	8
2322
725	598
205	939
635	736
487	145
174	583
506	110
744	683
660	532
746	536
41	749
