2747
10
0	58	612	786	550	266	997	256	293	445
58	0	588	741	495	305	988	203	301	398
612	588	0	369	462	546	439	453	888	317
786	741	369	0	324	832	678	542	997	343
550	495	462	324	0	688	885	296	704	176
266	305	546	832	688	0	841	414	528	532
997	988	439	678	885	841	0	884	1288	756
256	203	453	542	296	414	884	0	462	200
293	301	888	997	704	528	1288	462	0	661
445	398	317	343	176	532	756	200	661	0
0	5	6	2	3	4	9	7	1	8
3412
778	785
816	741
538	222
833	0
997	280
512	768
155	6
859	542
994	984
832	343
