8422
10
0	747	667	142	771	324	591	86	802	125
747	0	616	710	310	606	691	689	69	703
667	616	0	750	359	343	130	581	611	546
142	710	750	0	791	417	692	195	772	246
771	310	359	791	0	511	468	691	279	681
324	606	343	417	511	0	274	238	639	203
591	691	130	692	468	274	0	508	697	466
86	689	581	195	691	238	508	0	740	52
802	69	611	772	279	639	697	740	0	750
125	703	546	246	681	203	466	52	750	0
0	7	9	5	6	2	4	8	1	3
2304
999	299
269	137
478	717
979	158
242	446
750	507
606	741
926	346
207	169
922	398
