73
10
0	160	814	497	273	431	187	235	615	802
160	0	667	507	396	344	250	338	464	674
814	667	0	736	1062	470	903	1000	206	172
497	507	736	0	739	296	685	722	626	621
273	396	1062	739	0	704	173	72	857	1068
431	344	470	296	704	0	586	660	333	399
187	250	903	685	173	586	0	102	696	922
235	338	1000	722	72	660	102	0	794	1012
615	464	206	626	857	333	696	794	0	277
802	674	172	621	1068	399	922	1012	277	0
0	4	7	6	1	8	2	9	5	3
2731
298	201
366	346
886	764
768	37
34	129
710	328
126	276
63	195
707	661
982	621
