5613
10
0	875	930	148	814	887	125	436	668	539
875	0	979	944	121	38	807	534	312	565
930	979	0	838	1039	1017	807	638	1079	511
148	944	838	0	899	961	138	449	774	521
814	121	1039	899	0	100	761	526	199	585
887	38	1017	961	100	0	823	560	299	597
125	807	807	138	761	823	0	327	638	419
436	534	638	449	526	560	327	0	482	133
668	312	1079	774	199	299	638	482	0	580
539	565	511	521	585	597	419	133	580	0
0	3	6	7	9	2	1	5	4	8
3241
171	995
962	620
155	65
59	898
945	740
988	649
195	872
428	642
833	905
407	510
