4336
10
0	585	469	228	477	460	437	595	572	508
585	0	563	418	964	691	868	82	473	1091
469	563	0	290	519	148	399	630	171	798
228	418	290	0	547	347	460	454	354	695
477	964	519	547	0	382	121	1002	690	362
460	691	148	347	382	0	261	751	316	692
437	868	399	460	121	261	0	913	570	458
595	82	630	454	1002	751	913	0	551	1104
572	473	171	354	690	316	570	551	0	957
508	1091	798	695	362	692	458	1104	957	0
0	9	4	6	5	2	8	1	7	3
2808
590	478
219	931
132	374
370	541
501	9
196	240
404	82
280	987
18	502
861	48
