3932
10
0	482	613	269	311	712	484	295	406	692
482	0	663	702	175	734	18	417	187	454
613	663	0	545	635	99	648	334	478	374
269	702	545	0	549	637	699	352	571	766
311	175	635	549	0	721	182	328	198	531
712	734	99	637	721	0	718	430	553	389
484	18	648	699	182	718	0	408	173	436
295	417	334	352	328	430	408	0	246	422
406	187	478	571	198	553	173	246	0	333
692	454	374	766	531	389	436	422	333	0
0	3	2	5	9	6	1	4	8	7
2670
309	813
771	675
308	200
69	690
615	756
313	101
768	657
381	526
625	558
681	229
