7902
10
0	192	284	143	661	768	381	448	255	591
192	0	220	169	469	591	192	527	207	416
284	220	0	357	538	544	259	357	31	373
143	169	357	0	593	752	348	586	335	580
661	469	538	593	0	291	293	893	556	254
768	591	544	752	291	0	404	845	572	177
381	192	259	348	293	404	0	616	271	234
448	527	357	586	893	845	616	0	346	696
255	207	31	335	556	572	271	346	0	400
591	416	373	580	254	177	234	696	400	0
0	3	1	4	5	9	6	2	8	7
2567
870	812
880	620
660	620
996	743
929	153
648	76
839	432
429	893
674	648
693	248
