6012
10
0	587	603	341	526	423	225	648	858	787
587	0	182	687	428	235	372	309	309	702
603	182	0	606	588	181	428	490	447	525
341	687	606	0	809	454	457	871	996	530
526	428	588	809	0	513	352	206	503	1049
423	235	181	454	513	0	266	481	545	535
225	372	428	457	352	266	0	433	633	754
648	309	490	871	206	481	433	0	298	1000
858	309	447	996	503	545	633	298	0	963
787	702	525	530	1049	535	754	1000	963	0
0	6	4	7	8	1	2	5	9	3
3159
728	864
345	419
490	309
993	648
203	823
575	469
544	734
122	633
44	345
980	118
