7099
10
0	635	133	730	707	1111	652	185	812	871
635	0	520	1000	493	795	97	477	232	426
133	520	0	807	672	1077	527	52	713	801
730	1000	807	0	622	844	1078	840	1012	884
707	493	672	622	0	405	589	664	413	263
1111	795	1077	844	405	0	888	1066	609	377
652	97	527	1078	589	888	0	479	305	516
185	477	52	840	664	1066	479	0	677	777
812	232	713	1012	413	609	305	677	0	234
871	426	801	884	263	377	516	777	234	0
0	2	7	6	1	8	9	5	4	3
3361
88	817
120	182
33	695
813	904
593	322
907	65
24	168
13	647
298	32
530	66
