9542
10
0	485	392	279	439	199	570	351	341	659
485	0	244	233	562	379	462	222	254	469
392	244	0	289	320	210	249	53	369	299
279	233	289	0	529	265	535	236	91	585
439	562	320	529	0	277	243	343	621	351
199	379	210	265	277	0	371	183	356	459
570	462	249	535	243	371	0	299	618	108
351	222	53	236	343	183	299	0	319	352
341	254	369	91	621	356	618	319	0	660
659	469	299	585	351	459	108	352	660	0
0	3	8	1	9	6	4	2	7	5
2199
483	220
516	704
702	546
418	492
914	306
639	345
951	547
652	528
333	527
982	651
