8621
10
0	782	226	912	1045	817	929	319	576	328
782	0	558	402	388	457	366	678	247	521
226	558	0	703	825	624	715	259	367	150
912	402	703	0	189	143	57	668	577	584
1045	388	825	189	0	332	139	832	617	725
817	457	624	143	332	0	195	548	577	489
929	366	715	57	139	195	0	700	559	604
319	678	259	668	832	548	700	0	562	169
576	247	367	577	617	577	559	562	0	393
328	521	150	584	725	489	604	169	393	0
0	2	8	1	4	6	3	5	9	7
2544
179	947
728	389
320	770
468	82
643	10
340	146
525	84
97	638
659	627
266	630
