1288
10
0	242	240	570	713	300	652	507	497	344
242	0	276	516	841	539	732	746	722	585
240	276	0	759	953	472	890	594	529	466
570	516	759	0	550	705	372	964	1007	803
713	841	953	550	0	593	183	780	883	687
300	539	472	705	593	0	615	258	315	103
652	732	890	372	183	615	0	841	926	717
507	746	594	964	780	258	841	0	127	169
497	722	529	1007	883	315	926	127	0	211
344	585	466	803	687	103	717	169	211	0
0	2	8	7	9	5	4	6	3	1
3074
506	663
269	613
378	867
375	108
925	86
806	667
744	55
972	865
898	969
834	767
