3705
10
0	829	161	708	465	207	792	468	183	419
829	0	672	951	456	966	300	360	647	554
161	672	0	719	350	344	634	313	56	334
708	951	719	0	545	596	1127	744	669	466
465	456	350	545	0	542	582	202	299	97
207	966	344	596	542	0	973	613	339	465
792	300	634	1127	582	973	0	397	634	672
468	360	313	744	202	613	397	0	286	280
183	647	56	669	299	339	634	286	0	278
419	554	334	466	97	465	672	280	278	0
0	2	8	9	4	7	1	6	5	3
3731
917	191
594	955
885	349
217	81
568	499
810	13
893	983
730	621
829	352
555	402
