1613
10
0	221	447	346	264	786	575	367	344	360
221	0	361	454	462	739	505	149	565	150
447	361	0	352	522	379	144	413	720	298
346	454	352	0	222	536	400	587	441	510
264	462	522	222	0	757	603	611	219	573
786	739	379	536	757	0	236	787	976	670
575	505	144	400	603	236	0	552	814	435
367	149	413	587	611	787	552	0	708	117
344	565	720	441	219	976	814	708	0	703
360	150	298	510	573	670	435	117	703	0
0	1	7	9	2	6	5	3	4	8
2486
547	116
330	162
358	522
698	428
788	225
433	894
375	665
181	148
879	25
216	260
