6645
10
0	49	466	170	413	536	142	282	184	232
49	0	504	139	396	488	120	281	185	186
466	504	0	636	856	899	605	379	388	688
170	139	636	0	265	459	40	409	319	99
413	396	856	265	0	609	276	674	581	303
536	488	899	459	609	0	494	528	514	362
142	120	605	40	276	494	0	400	305	137
282	281	379	409	674	528	400	0	97	410
184	185	388	319	581	514	305	97	0	332
232	186	688	99	303	362	137	410	332	0
0	1	6	3	9	4	8	7	2	5
3103
569	745
587	699
155	959
724	673
982	737
664	217
707	710
318	616
405	661
726	574
