1679
10
0	165	275	619	183	411	340	89	740	667
165	0	174	455	259	265	251	77	721	533
275	174	0	407	240	163	77	203	557	393
619	455	407	0	645	247	412	530	792	286
183	259	240	645	0	403	267	203	570	611
411	265	163	247	403	0	166	326	608	270
340	251	77	412	267	166	0	275	486	344
89	77	203	530	203	326	275	0	715	587
740	721	557	792	570	608	486	715	0	545
667	533	393	286	611	270	344	587	545	0
0	7	1	2	6	5	3	9	8	4
2414
306	133
274	295
426	381
253	750
489	149
381	538
495	416
299	222
981	438
539	758
