5830
10
0	759	387	118	629	470	232	838	790	990
759	0	378	809	916	310	543	553	36	420
387	378	0	431	649	155	164	558	411	629
118	809	431	0	529	543	266	808	843	993
629	916	649	529	0	805	568	560	953	854
470	310	155	543	805	0	289	655	335	657
232	543	164	266	568	289	0	630	576	759
838	553	558	808	560	655	630	0	580	306
790	36	411	843	953	335	576	580	0	428
990	420	629	993	854	657	759	306	428	0
0	3	6	2	5	1	8	9	7	4
2972
875	837
597	130
692	496
788	917
263	984
789	374
728	657
137	438
604	94
177	134
