605
10
0	764	209	880	634	148	176	436	684	330
764	0	571	125	444	884	676	827	144	544
209	571	0	692	437	313	119	389	479	149
880	125	692	0	556	1004	799	952	263	670
634	444	437	556	0	688	469	461	300	304
148	884	313	1004	688	0	224	380	790	390
176	676	119	799	469	224	0	293	571	167
436	827	389	952	461	380	293	0	693	303
684	144	479	263	300	790	571	693	0	425
330	544	149	670	304	390	167	303	425	0
0	5	6	2	9	7	4	8	1	3
2853
445	85
771	777
467	293
868	857
332	709
311	21
360	240
79	323
630	744
371	407
