7561
10
0	299	547	279	682	381	444	652	166	200
299	0	635	465	794	154	512	698	326	215
547	635	0	285	160	551	123	124	713	434
279	465	285	0	405	451	213	403	444	253
682	794	160	405	0	711	282	172	848	589
381	154	551	451	711	0	431	592	456	212
444	512	123	213	282	431	0	207	608	314
652	698	124	403	172	592	207	0	816	515
166	326	713	444	848	456	608	816	0	333
200	215	434	253	589	212	314	515	333	0
0	8	1	5	9	3	6	2	7	4
2425
379	720
88	650
531	194
521	479
659	98
70	497
443	280
488	77
323	877
277	547
