3350
10
0	572	80	762	93	674	682	654	894	736
572	0	537	192	537	357	575	93	355	180
80	537	0	722	154	682	602	613	843	709
762	192	722	0	730	439	624	108	186	127
93	537	154	730	0	596	730	625	877	690
674	357	682	439	596	0	923	412	623	316
682	575	602	624	730	923	0	562	595	715
654	93	613	108	625	412	562	0	262	153
894	355	843	186	877	623	595	262	0	307
736	180	709	127	690	316	715	153	307	0
0	2	4	1	7	3	9	8	6	5
3598
286	67
489	602
366	79
592	765
222	135
154	728
944	249
561	661
771	819
466	781
