9894
10
0	556	608	944	584	372	513	144	604	913
556	0	413	432	652	327	107	458	197	875
608	413	0	479	295	242	310	608	234	462
944	432	479	0	770	606	434	873	343	830
584	652	295	770	0	352	545	651	510	329
372	327	242	606	352	0	230	366	265	637
513	107	310	434	545	230	0	440	122	771
144	458	608	873	651	366	440	0	548	972
604	197	234	343	510	265	122	548	0	692
913	875	462	830	329	637	771	972	692	0
0	7	5	6	1	8	2	4	9	3
3676
950	836
683	348
378	627
296	155
372	922
617	669
625	439
983	695
503	429
43	946
