667
10
0	496	855	302	812	557	158	968	134	388
496	0	730	698	867	544	403	742	420	180
855	730	0	760	300	301	701	189	723	608
302	698	760	0	617	473	299	916	288	536
812	867	300	617	0	323	683	487	699	704
557	544	301	473	323	0	406	443	427	380
158	403	701	299	683	406	0	809	24	258
968	742	189	916	487	443	809	0	833	660
134	420	723	288	699	427	24	833	0	279
388	180	608	536	704	380	258	660	279	0
0	8	6	9	1	5	2	7	4	3
3036
162	402
220	895
938	762
404	221
972	463
681	605
289	497
960	950
273	478
330	752
