9775
10
0	452	645	252	454	400	411	269	701	734
452	0	405	697	319	592	148	349	254	307
645	405	0	814	193	939	548	695	385	326
252	697	814	0	624	539	663	499	938	962
454	319	193	624	0	771	435	535	424	403
400	592	939	539	771	0	458	247	827	895
411	148	548	663	435	458	0	230	369	438
269	349	695	499	535	247	230	0	594	656
701	254	385	938	424	827	369	594	0	89
734	307	326	962	403	895	438	656	89	0
0	3	7	6	1	8	9	2	4	5
3162
691	343
405	694
60	481
785	109
243	419
991	608
549	729
744	607
197	841
117	802
