4451
10
0	239	630	464	429	867	124	440	221	826
239	0	400	436	243	732	284	364	305	587
630	400	0	527	239	512	630	428	590	298
464	436	527	0	313	455	360	101	255	821
429	243	239	313	0	493	403	212	352	517
867	732	512	455	493	0	790	432	693	766
124	284	630	360	403	790	0	357	106	860
440	364	428	101	212	432	357	0	262	720
221	305	590	255	352	693	106	262	0	845
826	587	298	821	517	766	860	720	845	0
0	6	8	3	7	4	2	9	1	5
3521
907	517
676	582
277	545
625	148
487	429
182	41
889	394
570	233
820	313
133	806
