6707
10
0	1048	548	584	770	740	694	423	430	854
1048	0	768	463	423	592	922	656	682	366
548	768	0	449	357	232	991	517	572	790
584	463	449	0	313	420	634	214	257	346
770	423	357	313	0	172	946	507	559	553
740	592	232	420	172	0	1043	575	631	710
694	922	991	634	946	1043	0	477	421	562
423	656	517	214	507	575	477	0	56	431
430	682	572	257	559	631	421	56	0	428
854	366	790	346	553	710	562	431	428	0
0	7	8	3	4	5	2	1	9	6
3843
952	734
83	148
414	842
474	397
203	554
212	726
999	41
688	403
730	365
437	52
