6851
10
0	562	386	79	296	198	223	646	718	343
562	0	683	564	345	733	786	102	404	584
386	683	0	465	596	317	449	720	989	725
79	564	465	0	260	254	240	654	674	266
296	345	596	260	0	494	500	445	423	248
198	733	317	254	494	0	132	806	916	510
223	786	449	240	500	132	0	869	911	450
646	102	720	654	445	806	869	0	468	686
718	404	989	674	423	916	911	468	0	517
343	584	725	266	248	510	450	686	517	0
0	3	6	5	2	4	9	8	1	7
3281
200	471
692	744
12	809
242	404
496	460
3	492
6	360
732	838
916	407
434	219
