9127
10
0	112	484	594	473	253	100	789	563	300
112	0	511	706	564	188	207	833	661	199
484	511	0	768	346	700	436	329	446	680
594	706	768	0	446	779	514	890	402	870
473	564	346	446	0	726	376	454	111	763
253	188	700	779	726	0	351	1022	814	118
100	207	436	514	376	351	0	721	464	400
789	833	329	890	454	1022	721	0	490	1009
563	661	446	402	111	814	464	490	0	860
300	199	680	870	763	118	400	1009	860	0
0	6	1	5	9	2	7	4	8	3
3183
499	299
429	211
164	649
930	709
488	772
521	46
521	397
78	967
557	860
407	13
