7967
10
0	770	724	715	490	645	266	468	193	413
770	0	217	226	882	550	514	579	841	1061
724	217	0	12	956	698	509	675	841	1077
715	226	12	0	952	700	503	673	834	1070
490	882	956	952	0	424	482	306	314	308
645	550	698	700	424	0	440	181	575	702
266	514	509	503	482	440	0	294	334	567
468	579	675	673	306	181	294	0	395	544
193	841	841	834	314	575	334	395	0	240
413	1061	1077	1070	308	702	567	544	240	0
0	8	9	4	7	5	6	3	2	1
3170
745	576
86	177
256	42
268	43
461	976
117	727
491	494
298	716
691	762
769	989
