2739
10
0	627	108	425	459	721	797	576	354	246
627	0	590	403	428	300	211	249	351	391
108	590	0	465	504	729	741	584	376	199
425	403	465	0	43	329	614	204	109	338
459	428	504	43	0	321	639	211	153	382
721	300	729	329	321	0	457	145	367	547
797	211	741	614	639	457	0	449	558	551
576	249	584	204	211	145	449	0	223	406
354	351	376	109	153	367	558	223	0	231
246	391	199	338	382	547	551	406	231	0
0	2	9	8	3	4	7	5	1	6
2354
326	784
547	197
249	707
695	572
738	581
837	275
471	0
727	370
589	546
358	540
