6307
10
0	253	91	222	591	100	896	803	605	308
253	0	167	176	620	163	811	609	363	202
91	167	0	147	615	11	883	748	528	270
222	176	147	0	747	135	980	782	514	360
591	620	615	747	0	624	409	625	700	424
100	163	11	135	624	0	889	749	525	275
896	811	883	980	409	889	0	433	685	620
803	609	748	782	625	749	433	0	321	498
605	363	528	514	700	525	685	321	0	363
308	202	270	360	424	275	620	498	363	0
0	2	5	3	1	9	8	7	6	4
2732
274	846
191	607
221	772
77	742
811	598
210	769
891	196
477	69
207	244
388	559
