9353
10
0	483	637	886	507	271	390	862	855	766
483	0	267	519	37	413	558	463	691	829
637	267	0	262	287	446	528	225	452	678
886	519	262	0	532	663	698	83	375	714
507	37	287	532	0	449	595	471	720	865
271	413	446	663	449	0	163	657	584	521
390	558	528	698	595	163	0	712	526	375
862	463	225	83	471	657	712	0	445	767
855	691	452	375	720	584	526	445	0	371
766	829	678	714	865	521	375	767	371	0
0	5	6	9	8	3	7	2	1	4
2674
49	987
101	506
357	429
560	263
74	480
295	871
438	951
480	240
790	560
813	931
