1821
10
0	790	215	201	521	500	142	905	826	818
790	0	684	600	1038	615	648	851	46	336
215	684	0	131	723	592	162	1010	712	799
201	600	131	0	645	464	68	881	633	679
521	1038	723	645	0	444	580	633	1083	879
500	615	592	464	444	0	436	417	662	437
142	648	162	68	580	436	0	853	683	696
905	851	1010	881	633	417	853	0	893	535
826	46	712	633	1083	662	683	893	0	371
818	336	799	679	879	437	696	535	371	0
0	6	3	2	5	7	9	1	8	4
3871
158	586
873	923
200	797
307	721
271	77
608	367
282	657
904	72
892	965
976	603
