8208
10
0	404	682	664	183	740	312	209	404	100
404	0	1047	996	270	926	681	444	809	496
682	1047	0	136	777	527	372	608	426	639
664	996	136	0	728	391	357	551	490	640
183	270	777	728	0	702	413	178	571	284
740	926	527	391	702	0	536	543	773	770
312	681	372	357	413	536	0	264	259	283
209	444	608	551	178	543	264	0	476	275
404	809	426	490	571	773	259	476	0	315
100	496	639	640	284	770	283	275	315	0
0	9	7	4	1	6	8	2	3	5
3456
556	744
942	866
118	220
240	159
733	695
600	5
373	491
631	548
164	644
457	762
