6159
10
0	538	201	670	441	277	632	902	114	528
538	0	456	659	474	711	588	489	648	250
201	456	0	473	239	478	431	731	300	541
670	659	473	0	242	948	71	554	753	869
441	474	239	242	0	718	192	563	535	652
277	711	478	948	718	0	909	1140	211	598
632	588	431	71	192	909	0	501	722	801
902	489	731	554	563	1140	501	0	1015	733
114	648	300	753	535	211	722	1015	0	614
528	250	541	869	652	598	801	733	614	0
0	8	5	2	4	6	3	7	1	9
3126
310	828
413	299
495	748
961	666
719	662
44	907
907	619
868	119
254	928
163	320
