140
10
0	478	115	573	512	216	397	996	560	1179
478	0	363	640	669	267	390	694	165	852
115	363	0	565	527	109	350	918	455	1098
573	640	565	0	116	518	255	623	554	797
512	669	527	116	0	501	280	736	609	913
216	267	109	518	501	0	277	814	346	992
397	390	350	255	280	277	0	614	334	799
996	694	918	623	736	814	614	0	530	185
560	165	455	554	609	346	334	530	0	690
1179	852	1098	797	913	992	799	185	690	0
0	2	5	1	8	6	3	4	7	9
3461
763	955
775	477
778	840
215	787
254	897
731	741
456	702
153	167
623	412
67	3
