1446
10
0	73	435	535	331	841	447	633	490	742
73	0	451	570	368	913	497	684	547	814
435	451	0	174	151	938	804	366	317	867
535	570	174	0	203	843	828	199	205	787
331	368	151	203	0	803	659	332	225	727
841	913	938	843	803	0	597	700	639	104
447	497	804	828	659	597	0	821	675	496
633	684	366	199	332	700	821	0	152	663
490	547	317	205	225	639	675	152	0	582
742	814	867	787	727	104	496	663	582	0
0	1	4	2	3	7	8	9	5	6
2847
410	853
386	922
23	654
26	480
171	623
777	96
827	691
106	297
216	402
762	199
