7058
10
0	630	421	180	85	595	313	899	720	715
630	0	351	746	589	647	344	269	224	280
421	351	0	590	347	324	323	579	549	585
180	746	590	0	265	773	403	1014	791	771
85	589	347	265	0	510	304	856	704	707
595	647	324	773	510	0	629	819	861	903
313	344	323	403	304	629	0	610	407	404
899	269	579	1014	856	819	610	0	315	380
720	224	549	791	704	861	407	315	0	67
715	280	585	771	707	903	404	380	67	0
0	4	3	6	2	5	1	8	9	7
3617
627	188
277	712
243	362
807	186
542	185
37	111
540	489
114	927
426	880
493	891
