308
10
0	1020	705	852	803	609	907	129	68	212
1020	0	405	195	242	728	210	1002	1003	907
705	405	0	210	168	326	222	653	670	547
852	195	210	0	49	535	89	821	828	723
803	242	168	49	0	495	118	772	779	673
609	728	326	535	495	0	529	506	550	400
907	210	222	89	118	529	0	866	878	763
129	1002	653	821	772	506	866	0	61	110
68	1003	670	828	779	550	878	61	0	150
212	907	547	723	673	400	763	110	150	0
0	8	7	9	5	2	4	3	6	1
2501
891	77
369	954
366	549
380	759
401	714
301	229
291	758
769	35
825	60
680	101
