5948
10
0	266	8	461	227	446	221	279	634	194
266	0	262	697	426	693	468	535	601	359
8	262	0	468	222	453	228	280	640	202
461	697	468	0	532	55	240	386	680	348
227	426	222	532	0	495	325	173	859	395
446	693	453	55	495	0	227	342	721	357
221	468	228	240	325	227	0	235	623	164
279	535	280	386	173	342	235	0	846	369
634	601	640	680	859	721	623	846	0	478
194	359	202	348	395	357	164	369	478	0
0	2	9	6	5	3	7	4	1	8
2876
410	333
147	374
405	326
826	532
489	120
833	477
613	421
649	188
295	957
478	515
