9872
10
0	697	624	507	489	708	654	837	366	700
697	0	732	229	317	493	806	160	803	735
624	732	0	529	797	309	75	764	335	86
507	229	529	0	308	359	601	338	574	549
489	317	797	308	0	667	861	477	730	833
708	493	309	359	667	0	379	482	561	273
654	806	75	601	861	379	0	839	333	123
837	160	764	338	477	482	839	0	895	749
366	803	335	574	730	561	333	895	0	421
700	735	86	549	833	273	123	749	421	0
0	8	6	2	9	5	3	1	7	4
2847
566	858
72	365
799	279
292	431
110	680
517	151
874	281
38	208
837	612
787	193
