2775
10
0	699	373	205	235	297	431	182	457	907
699	0	559	503	484	995	658	581	362	329
373	559	0	244	218	620	111	433	539	635
205	503	244	0	33	502	342	192	337	702
235	484	218	33	0	530	320	223	344	672
297	995	620	502	530	0	639	435	721	1202
431	658	111	342	320	639	0	523	650	697
182	581	433	192	223	435	523	0	287	838
457	362	539	337	344	721	650	287	0	675
907	329	635	702	672	1202	697	838	675	0
0	7	3	4	2	6	5	8	1	9
3694
669	277
70	638
629	648
527	426
520	459
901	90
725	705
491	237
212	305
79	967
