3559
10
0	360	208	647	391	367	651	516	218	862
360	0	188	567	441	209	418	168	161	638
208	188	0	660	459	307	574	356	143	796
647	567	660	0	273	363	276	528	517	331
391	441	459	273	0	250	402	488	324	560
367	209	307	363	250	0	284	240	172	501
651	418	574	276	402	284	0	310	453	222
516	168	356	528	488	240	310	0	301	513
218	161	143	517	324	172	453	301	0	672
862	638	796	331	560	501	222	513	672	0
0	2	8	1	7	5	4	3	6	9
2803
861	568
529	709
717	719
349	171
602	274
499	502
227	419
361	699
644	596
42	296
