6671
10
0	519	452	713	823	233	185	811	311	970
519	0	240	364	375	469	443	308	226	818
452	240	0	261	380	517	469	407	171	621
713	364	261	0	172	766	722	285	424	478
823	375	380	172	0	832	797	147	515	601
233	469	517	766	832	0	57	778	345	1112
185	443	469	722	797	57	0	751	299	1058
811	308	407	285	147	778	751	0	500	744
311	226	171	424	515	345	299	500	0	780
970	818	621	478	601	1112	1058	744	780	0
0	6	5	8	2	1	7	4	3	9
3073
158	689
659	828
601	595
851	518
980	633
198	919
217	865
964	780
469	704
880	40
