3416
10
0	568	273	240	610	350	396	457	621	632
568	0	696	464	506	576	691	934	462	444
273	696	0	233	508	623	663	237	542	564
240	464	233	0	369	529	605	470	383	396
610	506	508	369	0	857	949	696	57	86
350	576	623	529	857	0	115	790	847	848
396	691	663	605	949	115	0	802	944	947
457	934	237	470	696	790	802	0	740	765
621	462	542	383	57	847	944	740	0	29
632	444	564	396	86	848	947	765	29	0
0	3	2	7	4	8	9	1	5	6
3023
445	627
590	77
172	634
297	437
87	133
795	616
829	726
33	827
128	93
146	70
