3530
10
0	760	811	398	1026	706	623	788	860	814
760	0	827	484	585	589	534	67	783	439
811	827	0	504	507	238	304	895	100	438
398	484	504	0	627	331	241	537	519	415
1026	585	507	627	0	372	425	644	411	215
706	589	238	331	372	0	90	656	207	225
623	534	304	241	425	90	0	600	292	241
788	67	895	537	644	656	600	0	851	505
860	783	100	519	411	207	292	851	0	368
814	439	438	415	215	225	241	505	368	0
0	3	6	5	8	2	9	4	1	7
3129
61	979
730	618
35	168
246	626
532	67
237	295
249	385
782	661
124	121
461	270
