3354
10
0	899	472	790	662	408	393	451	487	500
899	0	527	586	621	502	766	487	459	1078
472	527	0	750	679	146	591	353	83	860
790	586	750	0	136	615	433	412	671	663
662	621	679	136	0	536	297	327	606	538
408	502	146	615	536	0	451	209	97	732
393	766	591	433	297	451	0	298	546	312
451	487	353	412	327	209	298	0	285	608
487	459	83	671	606	97	546	285	0	830
500	1078	860	663	538	732	312	608	830	0
0	6	4	3	7	5	8	2	1	9
3732
464	178
22	961
67	435
608	955
627	820
202	492
652	524
369	619
106	509
925	372
