6359
10
0	398	344	404	407	254	221	268	803	476
398	0	544	660	565	631	500	252	805	869
344	544	0	124	751	290	558	561	1143	632
404	660	124	0	799	260	599	649	1205	584
407	565	751	799	0	582	202	314	416	555
254	631	290	260	582	0	381	521	998	342
221	500	558	599	202	381	0	267	616	423
268	252	561	649	314	521	267	0	611	675
803	805	1143	1205	416	998	616	611	0	938
476	869	632	584	555	342	423	675	938	0
0	6	4	7	1	2	3	5	9	8
4000
471	682
96	818
610	997
734	989
326	301
721	729
448	462
217	596
22	16
869	420
