4968
10
0	443	391	540	293	399	386	403	511	696
443	0	611	692	488	170	179	194	663	355
391	611	0	154	126	460	447	443	130	953
540	692	154	0	253	526	515	505	30	1045
293	488	126	253	0	346	332	331	223	827
399	170	460	526	346	0	15	23	498	526
386	179	447	515	332	15	0	22	487	534
403	194	443	505	331	23	22	0	477	549
511	663	130	30	223	498	487	477	0	1016
696	355	953	1045	827	526	534	549	1016	0
0	4	2	8	3	7	6	5	1	9
2342
252	199
294	641
638	136
791	159
545	222
440	552
440	537
462	543
763	172
7	851
