6730
10
0	585	596	725	787	984	484	281	985	598
585	0	806	660	402	503	712	323	638	661
596	806	0	330	675	888	115	568	733	189
725	660	330	0	391	583	341	557	404	160
787	402	675	391	0	220	630	518	238	487
984	503	888	583	220	0	849	706	256	699
484	712	115	341	630	849	0	457	725	181
281	323	568	557	518	706	457	0	734	482
985	638	733	404	238	256	725	734	0	551
598	661	189	160	487	699	181	482	551	0
0	7	1	4	5	8	3	9	6	2
2938
135	887
264	316
724	979
825	664
666	306
714	91
617	935
268	639
901	267
726	790
