4109
10
0	795	843	952	349	824	698	170	767	376
795	0	365	699	626	180	220	797	343	781
843	365	0	337	825	188	200	915	75	657
952	699	337	0	1045	525	502	1071	359	644
349	626	825	1045	0	729	633	232	755	640
824	180	188	525	729	0	130	862	184	724
698	220	200	502	633	130	0	746	145	598
170	797	915	1071	232	862	746	0	840	538
767	343	75	359	755	184	145	840	0	592
376	781	657	644	640	724	598	538	592	0
0	7	4	1	5	6	8	2	3	9
2915
933	547
189	266
93	619
73	956
814	218
117	432
238	481
978	383
168	609
709	850
