4790
10
0	688	875	340	677	515	363	819	209	808
688	0	556	912	928	426	690	661	808	896
875	556	0	892	635	360	616	181	858	491
340	912	892	0	447	582	276	772	131	634
677	928	635	447	0	502	326	463	512	207
515	426	360	582	502	0	313	337	521	485
363	690	616	276	326	313	0	508	254	445
819	661	181	772	463	337	508	0	761	310
209	808	858	131	512	521	254	761	0	676
808	896	491	634	207	485	445	310	676	0
0	8	3	6	5	7	2	9	4	1
3761
932	525
408	971
57	539
878	189
455	44
417	545
633	318
127	372
887	320
252	88
