137
10
0	331	144	398	900	171	300	334	216	581
331	0	408	261	573	337	384	409	342	287
144	408	0	531	979	314	206	234	137	608
398	261	531	0	607	280	593	624	527	510
900	573	979	607	0	856	909	923	893	455
171	337	314	280	856	0	458	493	376	622
300	384	206	593	909	458	0	34	83	483
334	409	234	624	923	493	34	0	118	489
216	342	137	527	893	376	83	118	0	491
581	287	608	510	455	622	483	489	491	0
0	2	8	6	7	1	3	5	9	4
3325
559	852
414	554
703	843
193	694
64	100
392	891
785	654
815	637
720	707
485	275
