1403
10
0	650	610	578	803	635	419	736	328	220
650	0	196	769	296	290	960	896	367	801
610	196	0	876	493	463	980	1018	414	799
578	769	876	0	689	527	437	161	475	465
803	296	493	689	0	183	1003	772	475	890
635	290	463	527	183	0	820	631	308	709
419	960	980	437	1003	820	0	537	592	199
736	896	1018	161	772	631	537	0	628	605
328	367	414	475	475	308	592	628	0	439
220	801	799	465	890	709	199	605	439	0
0	9	6	3	7	8	5	4	1	2
3238
252	558
699	86
518	9
749	854
972	202
847	336
327	971
864	967
551	422
290	775
