3132
10
0	164	169	371	595	595	160	399	670	317
164	0	202	511	528	654	231	505	634	457
169	202	0	516	721	764	326	564	814	465
371	511	516	0	667	384	299	144	660	54
595	528	721	667	0	457	467	544	148	636
595	654	764	384	457	0	441	246	372	392
160	231	326	299	467	441	0	274	523	247
399	505	564	144	544	246	274	0	522	146
670	634	814	660	148	372	523	522	0	640
317	457	465	54	636	392	247	146	640	0
0	6	1	2	9	3	7	5	8	4
2617
297	663
386	801
184	789
327	293
892	648
706	230
430	574
471	303
950	511
331	347
