3435
10
0	250	554	221	586	585	882	919	440	311
250	0	338	221	340	478	683	676	314	394
554	338	0	385	149	292	345	566	561	507
221	221	385	0	463	364	685	859	525	173
586	340	149	463	0	441	416	424	475	612
585	478	292	364	441	0	394	854	775	377
882	683	345	685	416	394	0	675	888	754
919	676	566	859	424	854	675	0	596	1021
440	314	561	525	475	775	888	596	0	690
311	394	507	173	612	377	754	1021	690	0
0	3	9	5	2	4	1	8	7	6
4019
966	444
717	475
434	289
819	278
380	428
558	24
166	71
96	743
691	788
918	136
