7871
10
0	245	770	991	256	720	737	840	303	1143
245	0	598	786	33	546	770	718	296	947
770	598	0	265	619	51	637	209	514	384
991	786	265	0	799	299	886	404	765	168
256	33	619	799	0	567	804	745	329	961
720	546	51	299	567	0	626	236	469	429
737	770	637	886	804	626	0	495	476	947
840	718	209	404	745	236	495	0	547	452
303	296	514	765	329	469	476	547	0	899
1143	947	384	168	961	429	947	452	899	0
0	1	4	8	5	2	7	3	9	6
3592
185	972
196	727
691	391
703	126
164	716
649	421
922	985
875	492
464	853
848	40
