3397
10
0	713	408	642	294	511	731	779	870	438
713	0	995	417	524	506	772	101	834	314
408	995	0	746	695	914	622	1030	756	681
642	417	746	0	636	752	357	384	419	272
294	524	695	636	0	219	855	612	979	366
511	506	914	752	219	0	1024	607	1136	485
731	772	622	357	855	1024	0	740	141	552
779	101	1030	384	612	607	740	0	787	354
870	834	756	419	979	1136	141	787	0	654
438	314	681	272	366	485	552	354	654	0
0	4	5	9	3	6	8	2	1	7
4399
886	404
369	896
810	3
250	496
854	697
875	915
203	142
269	880
63	120
498	609
