3736
10
0	668	783	500	764	295	400	312	330	99
668	0	182	312	97	382	684	863	429	743
783	182	0	492	174	488	703	1013	491	844
500	312	492	0	374	319	698	600	435	596
764	97	174	374	0	480	775	948	525	840
295	382	488	319	480	0	379	550	123	362
400	684	703	698	775	379	0	708	271	363
312	863	1013	600	948	550	708	0	623	352
330	429	491	435	525	123	271	623	0	366
99	743	844	596	840	362	363	352	366	0
0	9	7	5	8	6	1	4	2	3
3342
215	625
878	538
997	677
631	347
970	505
510	643
369	995
31	372
514	766
153	703
