2644
10
0	791	482	299	304	309	739	700	260	156
791	0	334	492	892	608	320	690	1052	770
482	334	0	195	656	274	448	476	740	503
299	492	195	0	465	221	485	573	560	308
304	892	656	465	0	583	724	983	360	170
309	608	274	221	583	0	685	400	533	412
739	320	448	485	724	685	0	912	980	656
700	690	476	573	983	400	912	0	883	812
260	1052	740	560	360	533	980	883	0	329
156	770	503	308	170	412	656	812	329	0
0	9	4	8	5	3	2	1	6	7
3901
730	312
288	969
549	759
569	565
507	104
784	617
104	706
978	967
867	90
583	257
