8407
10
0	490	389	221	514	734	601	592	772	280
490	0	689	520	372	493	139	396	364	756
389	689	0	610	864	640	827	936	1041	321
221	520	610	0	377	884	587	456	700	432
514	372	864	377	0	861	341	80	351	782
734	493	640	884	861	0	585	890	793	889
601	139	827	587	341	585	0	335	227	876
592	396	936	456	80	890	335	0	295	863
772	364	1041	700	351	793	227	295	0	1052
280	756	321	432	782	889	876	863	1052	0
0	3	4	7	8	6	1	5	2	9
3073
668	480
199	625
636	92
714	697
416	928
1	173
128	745
361	987
66	964
882	299
