5706
10
0	574	166	756	181	208	320	637	766	192
574	0	441	456	485	683	678	793	379	403
166	441	0	712	233	357	284	545	600	39
756	456	712	0	583	733	997	1199	825	678
181	485	233	583	0	197	482	774	759	227
208	683	357	733	197	0	515	841	938	371
320	678	284	997	482	515	0	332	698	318
637	793	545	1199	774	841	332	0	636	563
766	379	600	825	759	938	698	636	0	575
192	403	39	678	227	371	318	563	575	0
0	2	9	4	5	6	7	8	1	3
3703
711	225
448	736
568	311
840	970
788	389
919	241
437	58
107	20
77	656
564	350
