9882
10
0	302	927	593	869	239	905	653	672	394
302	0	705	400	680	149	626	379	521	357
927	705	0	335	124	690	279	363	305	590
593	400	335	0	283	358	397	219	138	273
869	680	124	283	0	639	378	387	208	506
239	149	690	358	639	0	672	421	452	225
905	626	279	397	378	672	0	252	462	664
653	379	363	219	387	421	252	0	341	445
672	521	305	138	208	452	462	341	0	298
394	357	590	273	506	225	664	445	298	0
0	5	1	9	3	8	4	2	6	7
2672
14	367
316	369
761	917
480	734
646	964
222	485
871	660
633	577
459	871
208	710
