2702
10
0	801	303	120	706	476	291	460	868	579
801	0	1099	760	528	774	997	956	101	663
303	1099	0	389	918	595	336	589	1169	747
120	760	389	0	749	568	252	359	816	648
706	528	918	749	0	369	991	1082	628	203
476	774	595	568	369	0	762	927	872	169
291	997	336	252	991	762	0	255	1044	871
460	956	589	359	1082	927	255	0	978	1002
868	101	1169	816	628	872	1044	978	0	764
579	663	747	648	203	169	871	1002	764	0
0	3	6	7	2	5	9	4	1	8
3680
724	355
23	744
947	149
734	475
31	216
360	47
986	483
979	738
6	844
201	105
