2465
10
0	510	604	931	283	694	700	967	623	814
510	0	655	784	495	831	495	637	749	463
604	655	0	373	321	185	312	581	115	522
931	784	373	0	657	458	289	341	447	407
283	495	321	657	0	427	461	748	349	620
694	831	185	458	427	0	485	731	82	695
700	495	312	289	461	485	0	291	427	210
967	637	581	341	748	731	291	0	689	173
623	749	115	447	349	82	427	689	0	637
814	463	522	407	620	695	210	173	637	0
0	4	2	8	5	3	6	9	7	1
3078
838	959
916	454
301	681
139	344
588	825
161	802
424	394
383	105
241	780
523	208
