486
10
0	852	742	816	579	568	600	685	820	596
852	0	125	335	735	297	1124	913	605	646
742	125	0	376	699	177	1063	882	624	616
816	335	376	0	477	433	896	632	275	384
579	735	699	477	0	618	421	184	305	93
568	297	177	433	618	0	939	803	625	549
600	1124	1063	896	421	939	0	322	710	512
685	913	882	632	184	803	322	0	404	267
820	605	624	275	305	625	710	404	0	238
596	646	616	384	93	549	512	267	238	0
0	5	2	1	3	8	9	4	7	6
2917
244	135
275	987
215	877
591	874
747	423
194	701
831	10
903	324
819	720
709	508
