2566
10
0	414	172	402	230	403	601	117	473	491
414	0	325	815	264	792	700	396	878	902
172	325	0	540	272	567	729	253	625	602
402	815	540	0	596	163	724	441	111	139
230	264	272	596	0	544	483	154	641	704
403	792	567	163	544	0	576	396	116	297
601	700	729	724	483	576	0	486	690	863
117	396	253	441	154	396	486	0	488	552
473	878	625	111	641	116	690	488	0	210
491	902	602	139	704	297	863	552	210	0
0	7	4	1	2	3	8	5	9	6
3388
207	531
2	891
39	568
434	199
232	760
548	316
702	872
288	616
545	200
379	71
