3872
10
0	687	670	599	449	556	634	628	214	526
687	0	484	713	435	932	666	572	860	572
670	484	0	285	223	573	1015	943	728	895
599	713	285	0	297	298	1106	1053	570	981
449	435	223	297	0	499	831	769	532	707
556	932	573	298	499	0	1167	1138	422	1047
634	666	1015	1106	831	1167	0	99	840	124
628	572	943	1053	769	1138	99	0	839	106
214	860	728	570	532	422	840	839	0	736
526	572	895	981	707	1047	124	106	736	0
0	8	5	3	2	4	1	9	7	6
3288
634	344
55	715
454	990
734	935
487	769
986	775
72	49
39	143
846	376
145	150
