8661
10
0	667	531	148	957	1019	293	1054	307	490
667	0	194	787	887	724	381	680	456	538
531	194	0	668	983	870	284	843	406	560
148	787	668	0	937	1044	406	1095	373	507
957	887	983	937	0	317	820	434	698	483
1019	724	870	1044	317	0	800	117	717	537
293	381	284	406	820	800	0	813	139	343
1054	680	843	1095	434	117	813	0	748	590
307	456	406	373	698	717	139	748	0	215
490	538	560	507	483	537	343	590	215	0
0	3	8	6	2	1	9	4	5	7
3647
645	975
14	758
116	924
784	924
516	26
200	58
387	836
85	81
469	723
492	509
