3752
10
0	319	512	838	950	568	103	805	777	465
319	0	199	697	922	734	274	787	839	424
512	199	0	609	894	835	474	776	874	453
838	697	609	0	354	692	878	312	507	385
950	922	894	354	0	567	1021	144	278	507
568	734	835	692	567	0	668	452	299	415
103	274	474	878	1021	668	0	876	864	521
805	787	776	312	144	452	876	0	202	367
777	839	874	507	278	299	864	202	0	423
465	424	453	385	507	415	521	367	423	0
0	6	1	2	9	7	4	8	5	3
3647
232	155
100	446
81	645
640	888
969	755
797	214
130	173
857	663
939	478
518	522
