5539
10
0	591	716	530	215	46	1135	1086	490	801
591	0	976	143	451	553	879	874	547	424
716	976	0	836	618	695	823	740	432	818
530	143	836	0	353	487	776	761	405	337
215	451	618	353	0	169	922	876	294	589
46	553	695	487	169	0	1090	1042	448	754
1135	879	823	776	922	1090	0	85	658	456
1086	874	740	761	876	1042	85	0	601	460
490	547	432	405	294	448	658	601	0	440
801	424	818	337	589	754	456	460	440	0
0	5	4	8	3	1	9	6	7	2
3478
148	830
118	239
863	870
244	308
281	660
172	790
978	55
987	140
559	563
527	124
