7322
10
0	284	543	228	640	357	399	527	646	312
284	0	428	197	924	608	659	774	923	229
543	428	0	318	1058	894	928	1060	1130	655
228	197	318	0	817	585	624	754	854	382
640	924	1058	817	0	428	376	396	189	896
357	608	894	585	428	0	58	169	343	506
399	659	928	624	376	58	0	133	285	564
527	774	1060	754	396	169	133	0	246	654
646	923	1130	854	189	343	285	246	0	848
312	229	655	382	896	506	564	654	848	0
0	3	1	9	5	6	7	8	4	2
3387
557	367
486	92
61	145
363	246
694	993
837	589
842	647
964	702
873	931
715	97
