4485
10
0	130	192	228	221	480	63	586	698	666
130	0	296	344	100	443	126	468	587	603
192	296	0	282	353	437	169	765	882	857
228	344	282	0	443	686	281	734	825	699
221	100	353	443	0	382	195	432	560	630
480	443	437	686	382	0	417	750	881	1008
63	126	169	281	195	417	0	595	713	707
586	468	765	734	432	750	595	0	131	369
698	587	882	825	560	881	713	131	0	323
666	603	857	699	630	1008	707	369	323	0
0	6	1	4	2	3	5	7	8	9
3480
215	468
342	500
56	577
65	295
409	575
298	941
219	531
795	379
890	288
708	20
