5445
10
0	108	940	420	644	674	374	207	666	814
108	0	984	376	608	698	474	311	718	877
940	984	0	761	665	323	713	817	276	210
420	376	761	0	233	438	590	503	553	732
644	608	665	233	0	361	734	689	536	702
674	698	323	438	361	0	562	605	193	343
374	474	713	590	734	562	0	169	449	534
207	311	817	503	689	605	169	0	541	661
666	718	276	553	536	193	449	541	0	179
814	877	210	732	702	343	534	661	179	0
0	1	7	6	8	9	2	5	4	3
2763
860	220
948	283
71	731
827	639
726	850
394	708
491	154
660	164
281	551
104	523
