8802
10
0	525	296	292	647	822	1036	52	217	785
525	0	246	500	535	380	624	526	439	511
296	246	0	388	460	600	752	312	198	536
292	500	388	0	840	664	1110	244	452	922
647	535	460	840	0	894	524	690	430	211
822	380	600	664	894	0	794	804	799	814
1036	624	752	1110	524	794	0	1061	848	312
52	526	312	244	690	804	1061	0	262	819
217	439	198	452	430	799	848	262	0	578
785	511	536	922	211	814	312	819	578	0
0	7	3	2	8	4	9	6	1	5
3661
631	18
551	537
519	293
885	164
60	324
802	823
8	846
683	27
435	113
40	535
