3173
10
0	425	329	339	135	577	388	242	245	591
425	0	703	95	556	743	786	258	409	784
329	703	0	608	284	404	100	569	559	387
339	95	608	0	473	659	692	217	367	698
135	556	284	473	0	620	310	345	288	622
577	743	404	659	620	0	483	750	816	55
388	786	100	692	310	483	0	630	597	458
242	258	569	217	345	750	630	0	151	777
245	409	559	367	288	816	597	151	0	833
591	784	387	698	622	55	458	777	833	0
0	4	2	6	9	5	3	1	7	8
2440
579	612
491	196
411	895
472	290
644	731
25	775
462	982
667	386
786	480
29	830
