6591
10
0	341	364	316	238	183	461	120	450	577
341	0	25	498	194	336	656	381	590	715
364	25	0	523	204	362	680	399	614	739
316	498	523	0	507	170	160	432	135	261
238	194	204	507	0	339	665	219	628	759
183	336	362	170	339	0	330	303	290	421
461	656	680	160	665	330	0	570	106	145
120	381	399	432	219	303	570	0	567	692
450	590	614	135	628	290	106	567	0	131
577	715	739	261	759	421	145	692	131	0
0	7	4	1	2	5	3	8	6	9
2053
547	291
227	171
210	152
480	600
407	98
435	436
532	752
608	187
429	726
432	857
