9968
10
0	205	689	252	767	570	916	427	385	535
205	0	559	422	779	620	985	277	286	395
689	559	0	736	525	547	822	282	793	164
252	422	736	0	629	411	712	538	637	615
767	779	525	629	0	219	298	613	1065	564
570	620	547	411	219	0	364	525	903	519
916	985	822	712	298	364	0	874	1265	844
427	277	282	538	613	525	874	0	520	117
385	286	793	637	1065	903	1265	520	0	632
535	395	164	615	564	519	844	117	632	0
0	1	7	9	2	4	5	6	3	8
3605
377	203
184	275
77	824
605	311
590	940
615	722
887	965
120	545
32	32
99	661
