9734
10
0	537	83	671	414	828	425	411	975	115
537	0	538	480	845	567	115	253	843	647
83	538	0	729	487	883	423	451	1045	167
671	480	729	0	723	158	503	308	366	728
414	845	487	723	0	873	755	622	884	327
828	567	883	158	873	0	615	446	302	886
425	115	423	503	755	615	0	219	870	537
411	253	451	308	622	446	219	0	667	497
975	843	1045	366	884	302	870	667	0	1002
115	647	167	728	327	886	537	497	1002	0
0	2	9	4	7	6	1	3	5	8
3448
939	511
541	872
991	576
268	477
886	100
111	502
641	815
542	619
9	217
993	409
