468
10
0	207	235	144	143	635	691	291	399	705
207	0	382	71	198	439	652	409	224	497
235	382	0	346	378	728	563	74	483	849
144	71	346	0	132	511	685	385	291	563
143	198	378	132	0	630	801	435	422	656
635	439	728	511	630	0	614	714	246	209
691	652	563	685	801	614	0	495	511	820
291	409	74	385	435	714	495	0	474	851
399	224	483	291	422	246	511	474	0	381
705	497	849	563	656	209	820	851	381	0
0	4	3	1	8	5	9	6	7	2
2649
321	733
517	664
144	578
464	712
420	837
841	367
319	42
140	504
613	461
991	513
