3985
10
0	750	742	800	882	452	873	849	165	675
750	0	880	661	1208	422	893	1060	810	494
742	880	0	298	350	511	155	180	610	397
800	661	298	0	645	409	242	463	717	180
882	1208	350	645	0	807	438	189	720	742
452	422	511	409	807	0	576	681	440	245
873	893	155	242	438	576	0	249	751	399
849	1060	180	463	189	681	249	0	699	577
165	810	610	717	720	440	751	699	0	623
675	494	397	180	742	245	399	577	623	0
0	8	5	9	3	6	2	7	4	1
3754
876	258
728	994
138	340
171	637
30	7
579	599
23	445
29	196
728	184
347	678
