7757
10
0	820	589	171	387	666	229	500	566	575
820	0	287	785	744	806	945	369	752	791
589	287	0	519	640	541	758	300	475	513
171	785	519	0	526	496	400	525	397	404
387	744	640	526	0	960	302	378	859	880
666	806	541	496	960	0	896	770	102	92
229	945	758	400	302	896	0	585	796	805
500	369	300	525	378	770	585	0	681	714
566	752	475	397	859	102	796	681	0	38
575	791	513	404	880	92	805	714	38	0
0	3	8	9	5	2	1	7	4	6
2804
454	835
221	48
429	246
596	738
71	777
951	391
285	991
181	415
862	442
894	464
