8019
10
0	508	372	597	180	144	372	765	451	317
508	0	140	580	383	390	447	508	449	821
372	140	0	566	244	250	388	569	363	687
597	580	566	0	657	621	227	302	903	745
180	383	244	657	0	43	433	754	284	486
144	390	250	621	43	0	396	732	327	457
372	447	388	227	433	396	0	425	693	562
765	508	569	302	754	732	425	0	932	987
451	449	363	903	284	327	693	932	0	717
317	821	687	745	486	457	562	987	717	0
0	5	4	2	1	6	3	7	8	9
3513
579	742
362	282
396	418
942	267
417	662
460	660
784	431
789	6
133	669
773	993
