257
10
0	501	621	661	607	401	284	605	160	147
501	0	871	1063	738	772	760	749	352	470
621	871	0	341	194	260	483	176	714	767
661	1063	341	0	527	291	401	509	804	800
607	738	194	527	0	355	560	18	657	741
401	772	260	291	355	0	223	342	528	548
284	760	483	401	560	223	0	550	442	409
605	749	176	509	18	342	550	0	660	741
160	352	714	804	657	528	442	660	0	134
147	470	767	800	741	548	409	741	134	0
0	9	8	1	4	7	2	5	6	3
3110
750	823
997	387
160	628
104	965
262	462
349	807
505	967
253	478
869	715
896	847
