4012
10
0	917	880	246	670	879	953	6	676	689
917	0	37	915	540	363	133	918	315	527
880	37	0	878	512	358	149	881	282	499
246	915	878	0	530	972	983	240	622	551
670	540	512	530	0	784	657	668	244	22
879	363	358	972	784	0	255	882	542	778
953	133	149	983	657	255	0	955	420	645
6	918	881	240	668	882	955	0	675	687
676	315	282	622	244	542	420	675	0	236
689	527	499	551	22	778	645	687	236	0
0	7	3	4	9	8	2	1	6	5
2620
958	460
52	606
88	596
884	225
358	160
215	931
46	739
958	454
285	393
336	162
