2059
10
0	692	405	519	314	688	485	418	223	571
692	0	326	252	389	253	398	1052	904	420
405	326	0	114	196	286	155	729	596	238
519	252	114	0	288	172	147	828	706	193
314	389	196	288	0	456	347	713	536	434
688	253	286	172	456	0	240	969	865	211
485	398	155	147	347	240	0	729	638	90
418	1052	729	828	713	969	729	0	214	786
223	904	596	706	536	865	638	214	0	711
571	420	238	193	434	211	90	786	711	0
0	8	7	4	2	3	6	9	5	1
2853
301	378
924	75
701	314
815	303
551	187
987	321
782	447
121	756
151	544
861	491
