960
10
0	966	466	836	149	745	123	972	471	735
966	0	656	349	943	324	950	211	553	834
466	656	0	708	364	351	532	757	129	896
836	349	708	0	869	507	779	188	579	495
149	943	364	869	0	685	266	982	406	845
745	324	351	507	685	0	766	477	279	879
123	950	532	779	266	766	0	930	508	623
972	211	757	188	982	477	930	0	636	680
471	553	129	579	406	279	508	636	0	786
735	834	896	495	845	879	623	680	786	0
0	6	4	2	8	5	1	7	3	9
3114
256	993
462	49
61	569
713	292
121	929
207	249
379	996
664	110
183	527
943	731
