1372
10
0	947	628	595	245	401	366	507	579	491
947	0	391	679	1124	853	1038	892	722	654
628	391	0	635	762	463	652	772	343	549
595	679	635	0	840	823	905	232	867	115
245	1124	762	840	0	379	226	743	595	735
401	853	463	823	379	0	198	832	216	708
366	1038	652	905	226	198	0	862	407	791
507	892	772	232	743	832	862	0	930	240
579	722	343	867	595	216	407	930	0	758
491	654	549	115	735	708	791	240	758	0
0	4	6	5	8	2	1	9	3	7
3127
908	624
56	209
287	525
719	59
972	861
593	873
770	963
944	118
377	856
710	174
