8594
10
0	852	1040	301	902	622	518	944	895	465
852	0	188	551	334	746	813	372	441	703
1040	188	0	739	376	899	979	396	493	860
301	551	739	0	628	538	499	673	643	378
902	334	376	628	0	1004	1037	47	116	578
622	746	899	538	1004	0	139	1052	1067	916
518	813	979	499	1037	139	0	1085	1087	866
944	372	396	673	47	1052	1085	0	106	604
895	441	493	643	116	1067	1087	106	0	521
465	703	860	378	578	916	866	604	521	0
0	3	9	8	7	4	1	2	5	6
3431
335	978
686	201
749	23
452	700
376	76
952	899
853	997
353	34
260	86
93	580
