3997
10
0	710	983	278	619	177	877	521	446	301
710	0	342	750	95	591	186	548	366	410
983	342	0	940	429	831	170	891	705	687
278	750	940	0	678	197	878	750	613	383
619	95	429	678	0	509	280	467	275	322
177	591	831	197	509	0	741	557	415	194
877	186	170	878	280	741	0	728	552	575
521	548	891	750	467	557	728	0	213	426
446	366	705	613	275	415	552	213	0	243
301	410	687	383	322	194	575	426	243	0
0	5	9	8	7	4	1	6	2	3
2963
903	279
438	816
96	841
684	107
519	765
727	300
262	878
986	794
789	711
687	490
