6561
10
0	749	593	813	498	652	124	776	299	296
749	0	434	112	685	661	871	240	921	732
593	434	0	407	827	228	685	275	620	412
813	112	407	0	792	625	932	159	955	756
498	685	827	792	0	993	583	853	798	746
652	661	228	625	993	0	711	477	567	386
124	871	685	932	583	711	0	887	245	328
776	240	275	159	853	477	887	0	871	665
299	921	620	955	798	567	245	871	0	208
296	732	412	756	746	386	328	665	208	0
0	6	8	9	5	2	7	3	1	4
2920
808	589
226	117
216	551
120	155
911	101
183	777
888	684
83	310
741	881
569	764
