9937
10
0	349	759	878	317	1070	688	734	227	764
349	0	554	813	97	934	339	600	553	821
759	554	0	376	496	396	515	151	845	571
878	813	376	0	726	251	874	239	865	291
317	97	496	726	0	862	389	523	497	724
1070	934	396	251	862	0	903	341	1089	539
688	339	515	874	389	903	0	634	885	986
734	600	151	239	523	341	634	0	780	421
227	553	845	865	497	1089	885	780	0	681
764	821	571	291	724	539	986	421	681	0
0	8	4	1	6	2	7	3	5	9
3619
39	735
40	386
554	177
853	405
127	430
950	173
55	47
635	305
162	926
802	692
