6488
10
0	389	598	421	469	471	551	197	540	630
389	0	886	504	737	859	846	577	265	900
598	886	0	455	907	539	49	445	865	53
421	504	455	0	884	725	431	440	416	448
469	737	907	884	0	446	860	487	965	954
471	859	539	725	446	0	499	307	992	591
551	846	49	431	860	499	0	396	836	95
197	577	445	440	487	307	396	0	687	486
540	265	865	416	965	992	836	687	0	863
630	900	53	448	954	591	95	486	863	0
0	7	5	4	1	8	3	6	2	9
3531
740	543
984	240
142	516
480	211
925	975
480	936
189	530
569	642
846	13
114	471
