138
10
0	572	69	197	321	912	465	626	264	423
572	0	616	698	339	1119	871	866	325	537
69	616	0	128	335	853	397	569	297	396
197	698	128	0	381	742	271	465	373	363
321	339	335	381	0	825	532	551	96	229
912	1119	853	742	825	0	495	288	902	595
465	871	397	271	532	495	0	257	567	381
626	866	569	465	551	288	257	0	622	329
264	325	297	373	96	902	567	622	0	313
423	537	396	363	229	595	381	329	313	0
0	2	3	6	7	5	9	4	8	1
2830
693	976
138	836
747	932
836	840
466	749
994	115
980	610
872	376
463	845
601	563
