3824
10
0	408	784	223	319	147	858	797	609	1009
408	0	779	219	544	331	674	546	496	797
784	779	0	840	501	874	349	477	298	458
223	219	840	0	469	113	819	719	598	958
319	544	501	469	0	448	674	677	428	828
147	331	874	113	448	0	893	807	659	1038
858	674	349	819	674	893	0	170	252	154
797	546	477	719	677	807	170	0	260	254
609	496	298	598	428	659	252	260	0	406
1009	797	458	958	828	1038	154	254	406	0
0	5	3	1	8	6	9	7	2	4
2932
99	117
504	170
212	893
315	59
25	428
209	19
558	842
647	697
390	653
667	951
