6939
10
0	578	704	760	430	315	346	153	832	917
578	0	1000	1014	454	765	863	732	600	620
704	1000	0	80	548	402	461	677	728	835
760	1014	80	0	559	468	536	744	692	797
430	454	548	559	0	404	530	533	405	497
315	765	402	468	404	0	129	276	773	877
346	863	461	536	530	129	0	247	902	1007
153	732	677	744	533	276	247	0	937	1030
832	600	728	692	405	773	902	937	0	109
917	620	835	797	497	877	1007	1030	109	0
0	7	6	5	2	3	4	8	9	1
3282
777	360
671	929
127	89
54	124
399	565
519	179
588	69
794	207
81	816
51	921
