5779
10
0	287	801	545	666	700	300	500	816	57
287	0	731	532	639	757	41	568	575	241
801	731	0	267	158	333	771	388	535	812
545	532	267	0	121	248	573	150	579	562
666	639	158	121	0	216	680	229	586	683
700	757	333	248	216	0	798	200	800	733
300	41	771	573	680	798	0	608	594	249
500	568	388	150	229	200	608	0	721	532
816	575	535	579	586	800	594	721	0	789
57	241	812	562	683	733	249	532	789	0
0	9	1	6	3	4	2	5	7	8
3261
173	769
391	957
901	433
639	486
743	423
630	238
372	994
514	402
966	965
189	824
