3328
10
0	187	290	454	312	531	323	337	391	509
187	0	129	266	497	575	347	457	220	669
290	129	0	205	579	699	315	478	236	791
454	266	205	0	762	720	515	683	142	913
312	497	579	762	0	656	436	272	703	388
531	575	699	720	656	0	854	838	579	434
323	347	315	515	436	854	0	212	543	776
337	457	478	683	272	838	212	0	676	653
391	220	236	142	703	579	543	676	0	802
509	669	791	913	388	434	776	653	802	0
0	1	2	3	8	6	7	4	9	5
3043
557	535
641	703
766	737
759	942
481	232
67	742
866	438
752	259
618	922
100	309
