8388
10
0	907	357	190	743	619	91	815	756	296
907	0	689	960	593	472	822	659	604	783
357	689	0	301	785	609	276	458	399	499
190	960	301	0	899	754	199	725	678	477
743	593	785	899	0	185	700	1056	983	464
619	472	609	754	185	0	561	872	798	381
91	822	276	199	700	561	0	734	673	287
815	659	458	725	1056	872	734	0	74	919
756	604	399	678	983	798	673	74	0	848
296	783	499	477	464	381	287	919	848	0
0	6	3	2	8	7	1	5	4	9
3140
183	180
740	897
153	536
14	268
911	329
752	425
213	266
87	990
137	935
479	158
