7105
10
0	914	1060	638	70	751	692	688	342	497
914	0	149	350	844	463	375	240	742	469
1060	149	0	495	990	583	509	376	870	618
638	350	495	0	570	203	84	260	590	143
70	844	990	570	0	690	626	619	304	429
751	463	583	203	690	0	121	452	771	284
692	375	509	84	626	121	0	332	669	198
688	240	376	260	619	452	332	0	502	312
342	742	870	590	304	771	669	502	0	488
497	469	618	143	429	284	198	312	488	0
0	4	8	9	3	6	5	7	1	2
3111
249	52
862	731
985	816
527	627
294	106
402	788
488	702
761	513
591	40
449	507
