5825
10
0	201	432	258	335	611	274	709	204	441
201	0	633	310	323	519	79	840	61	269
432	633	0	529	637	937	704	590	630	853
258	310	529	0	107	408	381	541	359	574
335	323	637	107	0	301	381	589	381	567
611	519	937	408	301	0	539	768	579	674
274	79	704	381	381	539	0	916	80	193
709	840	590	541	589	768	916	0	879	1109
204	61	630	359	381	579	80	879	0	239
441	269	853	574	567	674	193	1109	239	0
0	1	8	6	9	4	3	5	7	2
3407
699	450
670	251
768	877
441	460
372	377
157	166
696	176
180	934
731	248
817	25
