6054
10
0	529	365	470	579	243	569	453	442	747
529	0	892	871	471	745	734	437	351	919
365	892	0	466	884	178	746	758	773	872
470	871	466	0	617	536	345	523	587	419
579	471	884	617	0	815	334	127	157	484
243	745	178	536	815	0	747	688	684	902
569	734	746	345	334	747	0	300	386	193
453	437	758	523	127	688	300	0	86	481
442	351	773	587	157	684	386	86	0	567
747	919	872	419	484	902	193	481	567	0
0	5	2	3	6	9	7	8	4	1
3149
514	140
0	13
877	179
654	589
46	482
744	60
319	675
158	421
121	343
340	867
