3140
10
0	625	752	421	203	1049	159	781	389	423
625	0	153	670	749	762	577	963	877	386
752	153	0	724	854	662	682	971	961	441
421	670	724	0	308	719	267	370	284	285
203	749	854	308	0	1013	173	625	186	447
1049	762	662	719	1013	0	900	669	996	633
159	577	682	267	173	900	0	634	318	292
781	963	971	370	625	669	634	0	495	591
389	877	961	284	186	996	318	495	0	524
423	386	441	285	447	633	292	591	524	0
0	6	4	8	3	9	1	2	5	7
3738
302	978
902	801
992	677
278	557
153	839
786	47
325	820
138	214
31	698
552	636
