9098
10
0	465	944	224	459	450	565	662	496	575
465	0	1004	488	518	17	845	247	832	852
944	1004	0	1162	515	1006	503	927	617	495
224	488	1162	0	663	471	786	727	709	796
459	518	515	663	0	516	376	529	416	380
450	17	1006	471	516	0	838	264	823	845
565	845	503	786	376	838	0	901	115	10
662	247	927	727	529	264	901	0	919	905
496	832	617	709	416	823	115	919	0	123
575	852	495	796	380	845	10	905	123	0
0	3	5	1	7	4	6	9	8	2
3558
780	336
421	39
100	991
898	145
377	556
438	43
588	868
175	67
695	825
582	876
