4587
10
0	747	485	416	819	680	588	351	718	372
747	0	931	557	461	103	807	684	433	756
485	931	0	856	729	832	232	251	646	178
416	557	856	0	859	547	876	642	776	698
819	461	729	859	0	381	521	553	101	603
680	103	832	547	381	0	703	587	340	658
588	807	232	876	521	703	0	243	451	217
351	684	251	642	553	587	243	0	457	72
718	433	646	776	101	340	451	457	0	510
372	756	178	698	603	658	217	72	510	0
0	7	9	2	6	8	4	5	1	3
2842
473	948
52	330
900	716
61	887
467	129
154	347
843	491
658	649
474	230
726	674
