3221
10
0	520	150	387	216	527	128	602	323	135
520	0	441	403	393	832	625	872	238	616
150	441	0	237	70	456	277	520	305	285
387	403	237	0	174	440	514	472	405	523
216	393	70	174	0	465	345	521	294	351
527	832	456	440	465	0	592	81	757	615
128	625	277	514	345	592	0	671	406	26
602	872	520	472	521	81	671	0	815	694
323	238	305	405	294	757	406	815	0	392
135	616	285	523	351	615	26	694	392	0
0	6	9	2	4	3	1	8	5	7
2764
239	453
365	958
375	517
588	622
422	569
700	196
136	376
781	191
212	775
117	394
