1668
10
0	417	924	438	1145	237	766	551	400	477
417	0	709	32	874	230	730	333	17	90
924	709	0	679	246	707	356	393	717	624
438	32	679	0	841	238	709	306	46	58
1145	874	246	841	0	917	591	596	885	783
237	230	707	238	917	0	614	321	216	261
766	730	356	709	591	614	0	417	730	672
551	333	393	306	596	321	417	0	337	261
400	17	717	46	885	216	730	337	0	103
477	90	624	58	783	261	672	261	103	0
0	5	8	1	3	9	7	2	4	6
2817
997	143
580	120
332	785
559	145
93	846
779	236
684	843
540	451
597	118
522	190
