7143
10
0	216	551	63	147	412	426	562	364	342
216	0	362	208	207	366	608	394	285	125
551	362	0	563	455	661	967	510	574	266
63	208	563	0	200	351	404	517	306	332
147	207	455	200	0	518	563	601	452	311
412	366	661	351	518	0	524	296	87	401
426	608	967	404	563	524	0	804	551	724
562	394	510	517	601	296	804	0	253	330
364	285	574	306	452	87	551	253	0	313
342	125	266	332	311	401	724	330	313	0
0	3	4	1	9	2	7	8	5	6
2661
441	351
376	558
83	771
494	386
294	367
732	644
802	124
578	897
645	653
332	676
