379
10
0	861	258	946	576	316	653	796	480	666
861	0	788	324	638	737	208	441	649	489
258	788	0	786	718	71	599	861	629	754
946	324	786	0	902	719	412	755	888	778
576	638	718	902	0	725	490	298	96	169
316	737	71	719	725	0	556	843	641	744
653	208	599	412	490	556	0	391	479	377
796	441	861	755	298	843	391	0	368	138
480	649	629	888	96	641	479	368	0	229
666	489	754	778	169	744	377	138	229	0
0	2	5	6	1	3	7	9	4	8
3055
831	92
202	681
912	337
402	936
256	45
886	404
344	528
54	265
352	49
172	192
