8501
10
0	121	73	402	419	253	393	488	263	344
121	0	181	502	514	204	380	606	285	450
73	181	0	401	421	254	363	425	320	272
402	502	401	0	27	652	758	419	318	447
419	514	421	27	0	669	780	445	317	474
253	204	254	652	669	0	184	627	487	439
393	380	363	758	780	184	0	625	649	433
488	606	425	419	445	627	625	0	620	193
263	285	320	318	317	487	649	620	0	541
344	450	272	447	474	439	433	193	541	0
0	2	1	5	6	9	7	3	4	8
2294
291	758
268	877
351	716
97	405
70	402
461	946
645	930
508	320
31	717
532	512
