3602
10
0	191	152	606	408	506	627	548	223	636
191	0	55	492	499	511	632	457	172	460
152	55	0	484	445	468	590	440	131	484
606	492	484	0	546	346	391	90	383	284
408	499	445	546	0	231	306	456	350	743
506	511	468	346	231	0	122	258	339	592
627	632	590	391	306	122	0	315	460	663
548	457	440	90	456	258	315	0	325	348
223	172	131	383	350	339	460	325	0	453
636	460	484	284	743	592	663	348	453	0
0	2	1	8	7	3	9	5	6	4
2506
210	362
401	374
356	407
606	822
65	744
262	866
251	988
516	817
348	538
796	610
