7029
10
0	283	312	751	538	258	646	281	61	398
283	0	484	893	590	146	793	180	338	682
312	484	0	439	276	536	334	346	331	418
751	893	439	0	348	968	105	724	764	708
538	590	276	348	0	694	279	411	576	688
258	146	536	968	694	0	864	302	292	635
646	793	334	105	279	864	0	629	659	620
281	180	346	724	411	302	629	0	342	643
61	338	331	764	576	292	659	342	0	347
398	682	418	708	688	635	620	643	347	0
0	8	5	1	7	2	4	6	3	9
2791
244	629
135	891
556	652
995	650
725	871
36	783
890	646
315	901
235	568
402	263
