1358
10
0	43	374	514	457	617	566	491	240	398
43	0	331	472	464	574	546	495	214	433
374	331	0	152	604	243	481	614	266	736
514	472	152	0	656	138	453	656	354	886
457	464	604	656	0	794	328	42	344	753
617	574	243	138	794	0	582	795	484	965
566	546	481	453	328	582	0	302	335	949
491	495	614	656	42	795	302	0	360	795
240	214	266	354	344	484	335	360	0	637
398	433	736	886	753	965	949	795	637	0
0	1	8	2	3	5	6	7	4	9
2890
321	658
326	615
385	289
478	168
768	757
411	47
843	437
806	737
518	520
36	937
