9608
10
0	392	716	504	472	436	642	478	480	317
392	0	983	896	324	111	389	871	871	606
716	983	0	599	1179	947	942	617	550	401
504	896	599	0	916	931	1089	34	51	446
472	324	1179	916	0	434	710	884	908	778
436	111	947	931	434	0	279	908	900	594
642	389	942	1089	710	279	0	1073	1050	678
478	871	617	34	884	908	1073	0	67	440
480	871	550	51	908	900	1050	67	0	398
317	606	401	446	778	594	678	440	398	0
0	9	8	3	7	2	6	5	1	4
3545
739	425
627	49
267	964
864	914
948	1
516	50
238	22
879	883
814	900
509	644
