1570
10
0	359	77	192	527	302	762	198	178	809
359	0	436	322	873	660	926	509	519	881
77	436	0	240	453	225	741	156	116	809
192	322	240	0	679	441	952	388	356	984
527	873	453	679	0	239	626	370	354	808
302	660	225	441	239	0	698	205	155	827
762	926	741	952	626	698	0	586	643	229
198	509	156	388	370	205	586	0	65	670
178	519	116	356	354	155	643	65	0	734
809	881	809	984	808	827	229	670	734	0
0	2	8	7	5	4	6	9	1	3
2952
757	398
969	688
708	338
947	366
320	103
546	181
43	665
559	386
592	330
110	884
