5778
10
0	250	539	325	327	798	520	144	615	430
250	0	754	292	543	991	582	243	844	430
539	754	0	849	564	275	463	514	117	561
325	292	849	0	422	1117	819	431	909	692
327	543	564	422	0	837	770	458	579	726
798	991	275	1117	837	0	555	748	276	704
520	582	463	819	770	555	0	389	580	172
144	243	514	431	458	748	389	0	611	286
615	844	117	909	579	276	580	611	0	678
430	430	561	692	726	704	172	286	678	0
0	7	1	3	4	2	8	5	6	9
3215
685	439
730	193
288	804
990	326
847	724
27	892
171	355
560	367
302	921
302	243
