40
10
0	755	935	770	597	540	106	351	640	346
755	0	427	739	354	332	680	405	707	501
935	427	0	487	338	398	903	626	536	592
770	739	487	0	398	452	796	631	132	478
597	354	338	398	0	72	569	308	353	254
540	332	398	452	72	0	505	237	390	208
106	680	903	796	569	505	0	288	672	336
351	405	626	631	308	237	288	0	533	175
640	707	536	132	353	390	672	533	0	368
346	501	592	478	254	208	336	175	368	0
0	6	7	9	5	4	2	1	8	3
3223
6	721
753	835
896	432
508	137
572	530
530	589
73	804
356	750
404	219
322	578
