5622
10
0	419	594	273	490	664	709	95	741	575
419	0	662	665	551	641	1009	460	878	700
594	662	0	551	115	142	512	513	224	90
273	665	551	0	486	668	468	205	615	493
490	551	115	486	0	183	550	416	327	154
664	641	142	668	183	0	652	596	324	231
709	1009	512	468	550	652	0	617	383	423
95	460	513	205	416	596	617	0	649	487
741	878	224	615	327	324	383	649	0	179
575	700	90	493	154	231	423	487	179	0
0	7	3	6	8	9	2	4	5	1
2778
248	405
225	824
826	545
409	184
712	565
851	685
852	33
340	378
989	391
821	455
