865
10
0	132	229	458	199	614	616	641	339	266
132	0	182	430	200	558	483	696	209	160
229	182	0	612	378	731	524	862	237	320
458	430	612	0	259	182	600	414	511	316
199	200	378	259	0	420	570	501	361	184
614	558	731	182	420	0	576	534	579	412
616	483	524	600	570	576	0	1005	292	387
641	696	862	414	501	534	1005	0	855	660
339	209	237	511	361	579	292	855	0	199
266	160	320	316	184	412	387	660	199	0
0	1	9	4	3	5	7	8	2	6
3683
220	733
344	780
285	953
523	389
348	580
701	351
808	917
234	92
516	900
485	703
