802
10
0	559	1002	820	488	957	715	627	1013	823
559	0	940	641	777	887	249	122	929	546
1002	940	0	311	617	53	766	849	39	446
820	641	311	0	581	260	455	542	293	143
488	777	617	581	0	587	776	765	642	668
957	887	53	260	587	0	714	796	56	397
715	249	766	455	776	714	0	127	747	332
627	122	849	542	765	796	127	0	834	435
1013	929	39	293	642	56	747	834	0	423
823	546	446	143	668	397	332	435	423	0
0	4	3	9	6	7	1	5	2	8
3785
904	937
967	381
29	448
326	355
416	929
82	446
765	235
867	311
38	410
434	261
