6213
10
0	442	534	994	888	547	211	491	550	809
442	0	840	774	699	835	363	107	153	468
534	840	0	955	843	37	479	823	865	972
994	774	955	0	114	923	784	666	634	364
888	699	843	114	0	812	677	593	569	343
547	835	37	923	812	0	477	813	853	949
211	363	479	784	677	477	0	367	418	628
491	107	823	666	593	813	367	0	59	364
550	153	865	634	569	853	418	59	0	315
809	468	972	364	343	949	628	364	315	0
0	6	1	7	8	9	4	3	5	2
3006
119	423
535	273
39	951
993	897
880	881
72	968
292	544
606	354
665	354
920	540
