4504
10
0	274	861	636	769	444	85	585	186	485
274	0	931	753	825	190	338	725	460	215
861	931	0	247	109	1097	920	322	841	979
636	753	247	0	200	934	687	77	597	845
769	825	109	200	0	989	832	276	765	869
444	190	1097	934	989	0	490	910	628	179
85	338	920	687	832	490	0	629	152	553
585	725	322	77	276	910	629	0	530	835
186	460	841	597	765	628	152	530	0	667
485	215	979	845	869	179	553	835	667	0
0	6	8	1	5	9	7	3	4	2
3148
481	831
240	699
973	124
915	365
873	169
51	720
501	914
918	442
653	902
89	545
