7710
10
0	158	392	205	484	573	230	141	436	223
158	0	526	111	636	730	246	299	586	255
392	526	0	500	428	426	364	280	413	340
205	111	500	0	686	767	163	327	639	181
484	636	428	686	0	123	640	362	51	619
573	730	426	767	123	0	699	440	170	676
230	246	364	163	640	699	0	285	599	25
141	299	280	327	362	440	285	0	318	266
436	586	413	639	51	170	599	318	0	579
223	255	340	181	619	676	25	266	579	0
0	7	9	6	3	1	2	8	4	5
2392
422	237
287	154
812	192
332	52
729	612
852	617
492	17
551	296
685	585
512	32
