9921
10
0	168	872	453	235	176	110	443	519	572
168	0	996	480	160	308	278	574	579	712
872	996	0	637	907	918	788	428	509	313
453	480	637	0	336	605	453	348	130	466
235	160	907	336	0	410	317	509	448	651
176	308	918	605	410	0	157	502	650	605
110	278	788	453	317	157	0	362	492	481
443	574	428	348	509	502	362	0	279	142
519	579	509	130	448	650	492	279	0	370
572	712	313	466	651	605	481	142	370	0
0	6	5	1	4	3	8	7	9	2
2807
140	309
59	161
982	536
533	83
197	80
66	469
206	397
567	430
638	160
669	529
