6185
10
0	778	633	442	510	632	279	613	452	857
778	0	373	339	744	459	748	817	955	312
633	373	0	355	394	86	479	451	640	241
442	339	355	0	558	414	471	659	699	498
510	744	394	558	0	324	234	110	266	618
632	459	86	414	324	0	444	371	581	294
279	748	479	471	234	444	0	335	231	720
613	817	451	659	110	371	335	0	298	653
452	955	640	699	266	581	231	298	0	874
857	312	241	498	618	294	720	653	874	0
0	6	8	4	7	5	2	9	1	3
2677
590	797
7	281
372	202
237	531
751	313
455	179
708	544
823	229
936	505
199	34
