3434
10
0	524	467	262	185	533	234	388	496	333
524	0	915	640	642	71	749	905	746	232
467	915	0	276	539	947	273	233	338	685
262	640	276	0	413	675	234	346	242	409
185	642	539	413	0	633	266	378	655	490
533	71	947	675	633	0	763	919	798	274
234	749	273	234	266	763	0	156	455	537
388	905	233	346	378	919	156	0	520	691
496	746	338	242	655	798	455	520	0	525
333	232	685	409	490	274	537	691	525	0
0	4	6	7	2	3	8	9	1	5
2719
283	535
660	900
277	68
415	308
103	579
613	954
181	324
85	201
604	156
583	681
