824
10
0	639	27	441	412	466	500	561	527	951
639	0	651	220	286	589	396	540	294	371
27	651	0	449	432	449	525	549	527	956
441	220	449	0	223	396	391	381	164	512
412	286	432	223	0	576	171	589	387	655
466	589	449	396	576	0	743	125	305	721
500	396	525	391	171	743	0	760	555	765
561	540	549	381	589	125	760	0	246	616
527	294	527	164	387	305	555	246	0	449
951	371	956	512	655	721	765	616	449	0
0	2	4	6	3	8	7	5	1	9
3467
799	15
414	526
826	21
601	410
454	242
997	437
315	142
954	555
708	535
441	897
