1353
10
0	497	674	635	467	337	536	485	613	773
497	0	1111	775	964	584	390	616	557	1197
674	1111	0	626	463	560	920	642	857	105
635	775	626	0	855	297	423	167	284	654
467	964	463	855	0	620	949	773	969	563
337	584	560	297	620	0	366	160	349	631
536	390	920	423	949	366	0	298	168	983
485	616	642	167	773	160	298	0	217	694
613	557	857	284	969	349	168	217	0	904
773	1197	105	654	563	631	983	694	904	0
0	5	7	3	8	6	1	4	2	9
3811
164	504
57	18
679	939
772	319
216	969
489	412
446	48
605	301
611	84
779	973
