5133
10
0	303	630	607	95	783	236	459	260	469
303	0	517	747	386	492	502	160	551	568
630	517	0	527	720	517	641	571	725	383
607	747	527	0	645	1005	424	885	484	183
95	386	720	645	0	873	235	535	226	526
783	492	517	1005	873	0	934	383	1001	829
236	502	641	424	235	934	0	663	84	344
459	160	571	885	535	383	663	0	711	702
260	551	725	484	226	1001	84	711	0	422
469	568	383	183	526	829	344	702	422	0
0	4	8	6	9	3	2	5	7	1
2822
255	618
493	807
860	442
496	60
160	611
965	949
221	384
582	941
137	386
534	240
