563
10
0	293	243	270	115	101	536	487	721	184
293	0	438	371	407	382	620	392	965	327
243	438	0	511	208	284	768	723	837	424
270	371	511	0	328	246	273	281	623	86
115	407	208	328	0	83	567	579	655	246
101	382	284	246	83	0	486	504	620	166
536	620	768	273	567	486	0	339	543	355
487	392	723	281	579	504	339	0	848	340
721	965	837	623	655	620	543	848	0	640
184	327	424	86	246	166	355	340	640	0
0	5	4	2	9	3	6	7	1	8
3592
667	830
427	999
865	971
482	632
773	784
705	736
373	381
204	676
857	134
544	693
