3796
10
0	305	866	636	880	551	601	791	681	386
305	0	566	451	574	483	459	486	379	311
866	566	0	468	145	682	554	168	279	641
636	451	468	0	583	223	89	535	532	267
880	574	145	583	0	785	665	89	215	715
551	483	682	223	785	0	135	726	694	179
601	459	554	89	665	135	0	612	597	217
791	486	168	535	89	726	612	0	129	642
681	379	279	532	215	694	597	129	0	582
386	311	641	267	715	179	217	642	582	0
0	1	9	5	6	3	2	4	7	8
2531
729	755
505	547
11	270
93	731
91	148
204	925
130	812
164	200
288	236
347	816
