9432
10
0	430	303	753	186	666	318	237	386	714
430	0	569	453	257	771	119	591	570	375
303	569	0	697	420	379	498	119	109	698
753	453	697	0	645	650	542	786	625	95
186	257	420	645	0	730	139	396	469	589
666	771	379	650	730	0	753	491	280	701
318	119	498	542	139	753	0	501	521	475
237	591	119	786	396	491	501	0	228	777
386	570	109	625	469	280	521	228	0	639
714	375	698	95	589	701	475	777	639	0
0	4	6	1	9	3	8	2	7	5
2924
786	81
362	157
892	365
232	591
601	61
864	743
468	102
945	258
844	463
206	499
