5287
10
0	657	792	87	337	156	928	491	355	629
657	0	254	570	817	509	554	189	588	449
792	254	0	711	1017	667	781	313	601	704
87	570	711	0	366	73	856	406	329	562
337	817	1017	366	0	372	871	705	689	575
156	509	667	73	372	0	783	356	359	492
928	554	781	856	871	783	0	679	1044	305
491	189	313	406	705	356	679	0	401	490
355	588	601	329	689	359	1044	401	0	792
629	449	704	562	575	492	305	490	792	0
0	3	5	7	1	2	8	4	9	6
4057
397	899
611	277
865	259
421	815
60	881
406	743
124	12
630	466
749	849
163	315
