485
10
0	631	246	871	663	575	626	591	171	764
631	0	645	730	857	1095	1010	857	599	814
246	645	0	660	417	451	415	348	84	525
871	730	660	0	416	911	687	501	708	241
663	857	417	416	0	505	271	99	496	182
575	1095	451	911	505	0	248	411	509	687
626	1010	415	687	271	248	0	192	497	453
591	857	348	501	99	411	192	0	431	276
171	599	84	708	496	509	497	431	0	593
764	814	525	241	182	687	453	276	593	0
0	8	2	7	4	9	3	6	5	1
3786
651	737
830	131
427	635
103	59
43	471
125	970
25	742
87	560
511	638
31	289
