975
10
0	596	938	885	661	548	415	535	555	252
596	0	910	670	88	153	285	802	1037	795
938	910	0	312	869	759	696	482	816	869
885	670	312	0	610	533	531	595	953	902
661	88	869	610	0	146	305	810	1069	844
548	153	759	533	146	0	161	664	925	711
415	285	696	531	305	161	0	517	764	553
535	802	482	595	810	664	517	0	358	398
555	1037	816	953	1069	925	764	358	0	305
252	795	869	902	844	711	553	398	305	0
0	9	8	7	2	3	6	5	4	1
3231
342	854
86	315
985	170
699	44
118	232
239	315
343	439
826	626
883	980
580	939
