4598
10
0	838	792	825	690	351	875	107	163	372
838	0	380	361	495	659	213	742	889	499
792	380	0	708	779	483	587	685	769	592
825	361	708	0	199	799	170	760	934	457
690	495	779	199	0	743	350	644	820	354
351	659	483	799	743	0	777	257	288	398
875	213	587	170	350	777	0	794	959	504
107	742	685	760	644	257	794	0	175	302
163	889	769	934	820	288	959	175	0	477
372	499	592	457	354	398	504	302	477	0
0	7	8	5	9	4	3	6	1	2
3076
613	47
374	851
754	827
65	664
64	465
798	346
167	800
628	153
776	58
400	352
