7525
10
0	907	811	896	421	783	158	621	504	370
907	0	419	81	811	309	1049	789	589	625
811	419	0	342	920	116	910	988	750	443
896	81	342	0	839	236	1032	835	623	591
421	811	920	839	0	841	557	204	225	587
783	309	116	236	841	0	898	893	657	430
158	1049	910	1032	557	898	0	761	661	469
621	789	988	835	204	893	761	0	239	727
504	589	750	623	225	657	661	239	0	509
370	625	443	591	587	430	469	727	509	0
0	6	9	5	2	3	1	8	4	7
3235
251	158
643	976
224	969
565	998
672	165
336	937
124	64
869	220
700	389
209	526
