5692
10
0	232	478	664	214	558	463	558	425	585
232	0	573	895	434	684	664	349	554	717
478	573	0	792	574	129	795	681	865	166
664	895	792	0	467	748	343	1216	586	740
214	434	574	467	0	613	254	772	298	629
558	684	129	748	613	0	807	811	911	36
463	664	795	343	254	807	0	1011	244	814
558	349	681	1216	772	811	1011	0	898	848
425	554	865	586	298	911	244	898	0	928
585	717	166	740	629	36	814	848	928	0
0	4	6	8	1	7	2	5	9	3
3865
478	450
348	257
146	794
924	943
667	552
176	920
917	600
25	123
893	357
184	956
