8189
10
0	381	598	308	330	581	384	554	487	497
381	0	816	592	76	731	143	173	389	219
598	816	0	834	739	147	902	953	1072	1014
308	592	834	0	571	853	519	748	461	601
330	76	739	571	0	656	195	236	433	288
581	731	147	853	656	0	834	853	1027	941
384	143	902	519	195	834	0	238	245	115
554	173	953	748	236	853	238	0	450	224
487	389	1072	461	433	1027	245	450	0	228
497	219	1014	601	288	941	115	224	228	0
0	3	8	9	6	1	4	7	5	2
3165
578	521
219	391
968	67
622	826
289	361
837	0
194	532
54	339
163	776
82	562
