1779
10
0	633	697	328	336	509	292	230	322	641
633	0	409	437	300	814	436	718	955	223
697	409	0	693	492	580	669	642	987	186
328	437	693	0	201	764	40	529	603	556
336	300	492	201	0	634	177	459	656	365
509	814	580	764	634	0	723	287	620	669
292	436	669	40	177	723	0	489	576	540
230	718	642	529	459	287	489	0	369	649
322	955	987	603	656	620	576	369	0	954
641	223	186	556	365	669	540	649	954	0
0	7	5	2	9	1	4	6	3	8
2948
364	577
674	24
995	279
302	254
503	271
807	828
326	287
537	729
187	846
851	160
