1776
10
0	325	474	217	454	180	474	391	527	167
325	0	484	394	768	273	615	557	477	422
474	484	0	684	835	604	221	238	94	640
217	394	684	0	428	121	690	605	729	91
454	768	835	428	0	525	717	640	914	359
180	273	604	121	525	0	643	563	637	165
474	615	221	690	717	643	0	86	313	621
391	557	238	605	640	563	86	0	332	535
527	477	94	729	914	637	313	332	0	694
167	422	640	91	359	165	621	535	694	0
0	9	3	5	1	8	2	6	7	4
2624
608	577
932	610
801	144
582	793
167	688
690	738
583	103
567	188
895	134
525	722
