9500
10
0	328	105	483	216	617	288	606	156	563
328	0	226	731	175	922	582	919	358	369
105	226	0	567	119	719	364	710	165	503
483	731	567	0	687	279	569	316	618	732
216	175	119	687	0	833	419	820	188	522
617	922	719	279	833	0	563	58	706	993
288	582	364	569	419	563	0	526	232	851
606	919	710	316	820	58	526	0	684	1011
156	358	165	618	188	706	232	684	0	668
563	369	503	732	522	993	851	1011	668	0
0	2	4	1	8	6	7	5	3	9
3147
360	341
81	515
261	377
812	513
144	351
975	286
455	69
956	231
272	212
174	873
