555
10
0	354	486	806	721	434	483	791	663	355
354	0	395	873	722	433	227	1037	949	666
486	395	0	496	330	110	227	790	766	837
806	873	496	0	189	440	723	504	598	1078
721	722	330	189	0	303	550	637	690	1033
434	433	110	440	303	0	312	684	655	772
483	227	227	723	550	312	0	990	940	832
791	1037	790	504	637	684	990	0	179	897
663	949	766	598	690	655	940	179	0	727
355	666	837	1078	1033	772	832	897	727	0
0	1	6	2	5	4	3	7	8	9
3175
767	487
887	153
498	82
15	196
168	84
455	184
713	7
5	700
169	774
895	819
