5853
10
0	577	927	963	911	1029	395	1168	958	831
577	0	369	657	732	501	632	732	469	393
927	369	0	527	688	152	870	450	197	257
963	657	527	0	198	447	690	291	341	291
911	732	688	198	0	632	579	484	519	434
1029	501	152	447	632	0	918	308	115	246
395	632	870	690	579	918	0	952	817	677
1168	732	450	291	484	308	952	0	270	350
958	469	197	341	519	115	817	270	0	139
831	393	257	291	434	246	677	350	139	0
0	6	4	3	9	8	5	2	1	7
4138
84	11
636	180
914	424
584	835
389	870
947	573
44	404
873	873
836	605
701	568
