3365
10
0	237	23	310	342	630	385	160	447	673
237	0	249	444	275	773	438	141	510	863
23	249	0	327	333	606	366	182	426	651
310	444	327	0	643	873	691	302	748	853
342	275	333	643	0	583	210	374	276	726
630	773	606	873	583	0	373	778	315	212
385	438	366	691	210	373	0	489	72	528
160	141	182	302	374	778	489	0	558	833
447	510	426	748	276	315	72	558	0	487
673	863	651	853	726	212	528	833	487	0
0	2	7	1	4	6	8	5	9	3
2593
353	386
116	380
364	407
454	92
140	654
646	944
316	770
225	289
351	833
838	854
