3751
10
0	237	580	423	306	373	653	722	645	327
237	0	748	626	178	514	839	951	841	564
580	748	0	198	664	237	114	413	152	481
423	626	198	0	586	200	236	360	222	284
306	178	664	586	0	428	768	938	781	609
373	514	237	200	428	0	340	556	357	406
653	839	114	236	768	340	0	323	54	497
722	951	413	360	938	556	323	0	270	433
645	841	152	222	781	357	54	270	0	463
327	564	481	284	609	406	497	433	463	0
0	1	4	5	3	2	6	8	7	9
2439
278	742
43	709
691	334
642	526
56	531
470	422
804	354
990	619
827	403
599	807
