8122
10
0	278	728	341	728	355	699	868	538	789
278	0	516	176	559	475	643	685	379	514
728	516	0	387	135	654	422	187	781	341
341	176	387	0	401	377	468	536	546	497
728	559	135	401	0	588	294	141	868	476
355	475	654	377	588	0	427	724	838	862
699	643	422	468	294	427	0	381	1011	747
868	685	187	536	141	724	381	0	968	498
538	379	781	546	868	838	1011	968	0	595
789	514	341	497	476	862	747	498	595	0
0	1	3	5	6	4	2	7	9	8
3505
869	346
734	590
228	693
573	517
175	568
579	140
173	274
50	635
989	871
405	985
