467
10
0	849	525	456	282	837	841	171	340	262
849	0	891	595	825	520	225	892	510	839
525	891	0	846	242	559	750	696	537	772
456	595	846	0	639	866	708	390	327	292
282	825	242	639	0	645	743	453	369	531
837	520	559	866	645	0	300	965	579	976
841	225	750	708	743	300	0	925	513	899
171	892	696	390	453	965	925	0	413	117
340	510	537	327	369	579	513	413	0	401
262	839	772	292	531	976	899	117	401	0
0	7	9	3	8	4	2	5	6	1
3451
131	518
831	37
519	872
237	74
344	704
968	539
926	241
13	394
423	343
27	277
