4460
10
0	544	845	1134	598	907	992	641	945	76
544	0	853	892	73	548	719	117	1153	619
845	853	0	469	826	576	455	954	409	854
1134	892	469	0	833	369	174	950	854	1170
598	73	826	833	0	482	659	128	1145	672
907	548	576	369	482	0	201	589	981	961
992	719	455	174	659	201	0	776	864	1035
641	117	954	950	128	589	776	0	1266	717
945	1153	409	854	1145	981	864	1266	0	920
76	619	854	1170	672	961	1035	717	920	0
0	9	1	4	7	5	6	3	2	8
3683
944	784
897	242
120	596
10	140
842	194
374	78
184	145
960	143
22	994
933	860
