9387
10
0	411	621	286	418	692	851	290	486	456
411	0	210	216	242	660	463	512	108	239
621	210	0	406	346	720	279	686	157	347
286	216	406	0	388	783	676	503	323	170
418	242	346	388	0	418	476	362	197	473
692	660	720	783	418	0	710	442	598	889
851	463	279	676	476	710	0	838	368	626
290	512	686	503	362	442	838	0	529	661
486	108	157	323	197	598	368	529	0	336
456	239	347	170	473	889	626	661	336	0
0	3	9	1	8	2	6	4	7	5
3211
692	749
326	560
149	446
406	761
490	382
757	60
57	182
834	496
306	453
237	782
