9634
10
0	565	416	901	545	990	502	1020	266	379
565	0	313	403	195	428	94	564	307	189
416	313	0	716	167	705	218	877	197	257
901	403	716	0	580	243	498	171	678	539
545	195	167	580	0	543	122	748	286	255
990	428	705	243	543	0	509	369	735	610
502	94	218	498	122	509	0	659	236	153
1020	564	877	171	748	369	659	0	819	679
266	307	197	678	286	735	236	819	0	139
379	189	257	539	255	610	153	679	139	0
0	8	9	6	1	4	2	5	3	7
3153
858	983
562	501
868	567
171	400
750	448
277	181
654	524
2	428
762	734
635	676
