6197
10
0	584	540	596	659	412	725	369	653	947
584	0	110	411	86	231	197	439	325	443
540	110	0	493	137	143	306	473	424	550
596	411	493	0	481	522	350	236	132	446
659	86	137	481	0	279	203	525	380	432
412	231	143	522	279	0	424	433	487	671
725	197	306	350	203	424	0	482	223	247
369	439	473	236	525	433	482	0	326	650
653	325	424	132	380	487	223	326	0	325
947	443	550	446	432	671	247	650	325	0
0	7	3	8	6	1	4	2	5	9
3141
949	47
404	257
418	147
668	573
319	242
537	67
342	444
822	394
537	554
231	665
