9924
10
0	903	1017	676	21	736	869	746	364	813
903	0	795	1213	883	1071	641	233	539	201
1017	795	0	789	997	558	178	607	822	604
676	1213	789	0	672	233	755	982	818	1032
21	883	997	672	0	725	848	725	344	791
736	1071	558	233	725	0	544	838	768	878
869	641	178	755	848	544	0	437	648	443
746	233	607	982	725	838	437	0	398	66
364	539	822	818	344	768	648	398	0	463
813	201	604	1032	791	878	443	66	463	0
0	4	8	7	9	1	6	2	5	3
3316
974	267
79	142
201	928
990	943
953	272
758	971
257	758
229	321
613	216
163	325
