3056
10
0	469	547	565	149	897	519	659	598	802
469	0	456	432	372	517	792	245	570	513
547	456	0	46	579	476	483	393	117	310
565	432	46	0	585	431	529	351	155	269
149	372	579	585	0	852	651	594	654	788
897	517	476	431	852	0	959	272	555	191
519	792	483	529	651	959	0	842	418	786
659	245	393	351	594	272	842	0	506	302
598	570	117	155	654	555	418	506	0	372
802	513	310	269	788	191	786	302	372	0
0	4	1	7	5	9	3	2	8	6
2598
616	923
186	734
487	391
441	385
474	970
35	239
951	526
109	501
584	325
226	222
