7903
10
0	175	438	659	211	207	914	833	1031	394
175	0	274	528	250	266	743	768	857	243
438	274	0	290	395	422	480	619	607	281
659	528	290	0	528	555	427	379	580	570
211	250	395	528	0	28	863	636	999	488
207	266	422	555	28	0	891	652	1026	507
914	743	480	427	863	891	0	766	153	626
833	768	619	379	636	652	766	0	914	894
1031	857	607	580	999	1026	153	914	0	707
394	243	281	570	488	507	626	894	707	0
0	1	9	2	3	7	4	5	6	8
4107
135	142
230	289
465	430
751	377
329	59
313	36
766	804
965	64
767	957
202	531
