6080
10
0	621	521	936	630	442	890	139	473	544
621	0	168	667	205	705	421	734	711	168
521	168	0	803	121	711	584	649	724	262
936	667	803	0	872	633	322	958	607	544
630	205	121	872	0	831	619	762	843	349
442	705	711	633	831	0	740	389	33	547
890	421	584	322	619	740	0	958	726	368
139	734	649	958	762	389	958	0	422	635
473	711	724	607	843	33	726	422	0	550
544	168	262	544	349	547	368	635	550	0
0	7	5	8	9	1	2	4	6	3
3445
822	113
220	269
301	121
352	923
193	65
866	553
137	682
948	172
857	585
347	379
