4181
10
0	434	531	278	420	701	498	625	600	78
434	0	632	167	181	386	862	247	165	513
531	632	0	604	760	560	466	615	738	549
278	167	604	0	166	516	744	399	329	355
420	181	760	166	0	565	904	419	278	492
701	386	560	516	565	0	964	156	343	770
498	862	466	744	904	964	0	963	1016	447
625	247	615	399	419	156	963	0	188	700
600	165	738	329	278	343	1016	188	0	678
78	513	549	355	492	770	447	700	678	0
0	9	3	4	1	8	7	5	2	6
2813
933	610
596	885
538	255
751	821
746	987
242	731
983	114
352	842
468	990
994	561
