3641
10
0	430	665	337	315	147	574	382	664	575
430	0	471	388	511	293	803	330	266	729
665	471	0	349	901	612	628	283	359	501
337	388	349	0	622	337	417	86	493	342
315	511	901	622	0	292	886	639	777	890
147	293	612	337	292	0	666	348	544	640
574	803	628	417	886	666	0	492	892	134
382	330	283	86	639	348	492	0	408	403
664	266	359	493	777	544	892	408	0	786
575	729	501	342	890	640	134	403	786	0
0	5	4	1	8	2	7	3	9	6
2994
292	598
687	768
911	353
565	399
192	897
403	695
372	29
641	441
947	711
502	62
