3703
10
0	851	381	638	601	893	941	427	161	660
851	0	469	249	562	779	130	919	941	399
381	469	0	268	408	735	564	552	484	369
638	249	268	0	538	829	373	799	751	414
601	562	408	538	0	328	567	416	590	166
893	779	735	829	328	0	731	578	842	416
941	130	564	373	567	731	0	956	1016	401
427	919	552	799	416	578	956	0	308	566
161	941	484	751	590	842	1016	308	0	687
660	399	369	414	166	416	401	566	687	0
0	8	7	4	9	2	3	1	6	5
3691
904	562
164	983
575	756
413	970
315	441
84	208
41	938
662	210
904	401
244	592
