2368
10
0	673	247	168	589	631	871	745	695	910
673	0	524	684	553	349	262	136	415	307
247	524	0	379	661	616	765	630	694	707
168	684	379	0	462	555	840	727	605	957
589	553	661	462	0	222	551	501	209	857
631	349	616	555	222	0	333	280	81	645
871	262	765	840	551	333	0	135	349	419
745	136	630	727	501	280	135	0	327	374
695	415	694	605	209	81	349	327	0	700
910	307	707	957	857	645	419	374	700	0
0	3	2	1	7	6	5	8	4	9
3732
949	455
282	545
750	308
962	623
647	961
455	849
133	761
236	673
440	929
44	351
