5346
10
0	709	356	779	93	616	680	966	830	913
709	0	545	796	648	190	403	852	246	428
356	545	0	446	376	557	349	618	564	597
779	796	446	0	817	896	399	205	660	556
93	648	376	817	0	539	671	994	791	891
616	190	557	896	539	0	532	985	433	609
680	403	349	399	671	532	0	454	274	249
966	852	618	205	994	985	454	0	666	516
830	246	564	660	791	433	274	666	0	186
913	428	597	556	891	609	249	516	186	0
0	4	2	6	9	8	1	5	3	7
3756
973	441
439	908
620	393
257	133
969	534
625	950
298	530
52	148
221	793
87	663
