2719
10
0	455	440	708	534	1036	712	150	669	498
455	0	205	588	111	994	827	576	254	393
440	205	0	388	174	792	628	515	255	187
708	588	388	0	517	407	386	705	487	222
534	111	174	517	0	924	798	640	146	349
1036	994	792	407	924	0	397	986	881	612
712	827	628	386	798	397	0	628	821	450
150	576	515	705	640	986	628	0	763	521
669	254	255	487	146	881	821	763	0	378
498	393	187	222	349	612	450	521	378	0
0	7	2	4	1	8	9	3	6	5
3623
681	805
924	420
725	367
399	155
891	314
19	7
97	397
536	847
886	168
542	326
