9609
10
0	1006	424	657	583	1099	1184	772	880	1063
1006	0	686	363	424	92	179	509	690	57
424	686	0	427	297	773	863	685	869	743
657	363	427	0	134	454	534	300	508	417
583	424	297	134	0	517	603	424	627	482
1099	92	773	454	517	0	89	576	744	38
1184	179	863	534	603	89	0	625	777	121
772	509	685	300	424	576	625	0	209	541
880	690	869	508	627	744	777	209	0	712
1063	57	743	417	482	38	121	541	712	0
0	2	4	3	7	8	1	9	5	6
3422
939	26
212	722
837	438
410	417
540	452
147	788
66	826
189	213
59	49
164	754
