2854
10
0	109	126	499	509	387	539	441	328	415
109	0	175	433	618	397	634	532	436	381
126	175	0	606	509	263	604	366	327	315
499	433	606	0	926	821	799	937	774	760
509	618	509	926	0	648	297	304	183	779
387	397	263	821	648	0	823	386	495	162
539	634	604	799	297	823	0	563	341	917
441	532	366	937	304	386	563	0	239	540
328	436	327	774	183	495	341	239	0	612
415	381	315	760	779	162	917	540	612	0
0	1	2	5	9	7	8	4	6	3
3266
381	605
272	603
392	731
52	229
890	624
356	992
845	330
726	881
707	642
194	976
