9390
10
0	610	539	99	604	807	743	275	580	1045
610	0	121	511	60	284	165	531	630	519
539	121	0	443	76	280	204	515	671	640
99	511	443	0	507	716	647	232	534	949
604	60	76	507	0	244	142	553	676	569
807	284	280	716	244	0	130	793	915	634
743	165	204	647	142	130	0	693	791	533
275	531	515	232	553	793	693	0	306	852
580	630	671	534	676	915	791	306	0	740
1045	519	640	949	569	634	533	852	740	0
0	3	7	8	1	4	2	6	5	9
3416
52	814
426	331
305	338
121	742
373	302
340	60
416	166
325	853
621	931
941	263
