9596
10
0	161	406	422	27	425	345	229	536	254
161	0	247	362	188	282	240	275	657	159
406	247	0	345	430	103	202	428	890	221
422	362	345	0	428	256	149	252	953	203
27	188	430	428	0	446	361	222	525	270
425	282	103	256	446	0	133	391	940	191
345	240	202	149	361	133	0	263	879	91
229	275	428	252	222	391	263	0	724	207
536	657	890	953	525	940	879	724	0	788
254	159	221	203	270	191	91	207	788	0
0	4	1	9	6	5	2	3	7	8
2558
442	471
281	487
48	569
252	848
469	478
66	671
193	711
456	700
770	47
256	645
