522
10
0	669	640	343	936	698	767	196	369	596
669	0	249	629	636	564	344	864	583	143
640	249	0	474	409	316	140	816	420	353
343	629	474	0	642	392	558	433	55	631
936	636	409	642	0	251	292	1070	594	759
698	564	316	392	251	0	287	822	345	652
767	344	140	558	292	287	0	935	503	470
196	864	816	433	1070	822	935	0	477	792
369	583	420	55	594	345	503	477	0	594
596	143	353	631	759	652	470	792	594	0
0	7	3	8	5	4	6	2	1	9
2700
307	892
946	691
803	487
333	549
771	79
590	253
858	358
113	923
385	531
900	827
