263
10
0	469	145	429	483	159	565	311	516	401
469	0	546	469	391	381	788	478	923	191
145	546	0	358	624	168	691	226	575	520
429	469	358	0	753	278	981	132	929	570
483	391	624	753	0	525	452	696	709	205
159	381	168	278	525	0	703	179	675	383
565	788	691	981	452	703	0	874	373	603
311	478	226	132	696	179	874	0	799	534
516	923	575	929	709	675	373	799	0	777
401	191	520	570	205	383	603	534	777	0
0	2	5	7	3	1	9	4	6	8
2830
515	354
785	738
588	228
940	295
403	824
673	373
8	604
812	260
13	231
594	748
