3233
10
0	715	287	170	693	44	750	413	591	720
715	0	556	548	795	701	208	320	124	781
287	556	0	182	441	247	667	241	450	459
170	548	182	0	623	153	601	243	425	642
693	795	441	623	0	648	974	585	742	43
44	701	247	153	648	0	748	391	578	675
750	208	667	601	974	748	0	428	233	966
413	320	241	243	585	391	428	0	209	587
591	124	450	425	742	578	233	209	0	735
720	781	459	642	43	675	966	587	735	0
0	5	3	2	7	8	1	6	9	4
2863
420	896
254	200
576	654
408	726
990	501
457	871
50	243
405	483
269	324
992	458
