3015
10
0	1058	863	748	861	694	270	494	972	524
1058	0	381	389	444	382	802	1146	89	1119
863	381	0	130	66	405	593	814	350	779
748	389	130	0	167	293	478	759	331	730
861	444	66	167	0	456	594	775	416	737
694	382	405	293	456	0	461	887	293	873
270	802	593	478	594	461	0	480	718	484
494	1146	814	759	775	887	480	0	1079	51
972	89	350	331	416	293	718	1079	0	1054
524	1119	779	730	737	873	484	51	1054	0
0	6	5	8	1	2	4	3	9	7
3002
995	468
20	880
133	516
253	568
134	450
398	823
726	499
781	22
108	866
730	15
