1205
10
0	380	369	255	284	459	116	657	130	312
380	0	727	182	523	297	337	563	439	681
369	727	0	562	519	824	391	774	410	285
255	182	562	0	484	419	174	468	357	567
284	523	519	484	0	416	397	931	154	281
459	297	824	419	416	0	494	858	429	669
116	337	391	174	397	494	0	540	246	409
657	563	774	468	931	858	540	0	785	924
130	439	410	357	154	429	246	785	0	250
312	681	285	567	281	669	409	924	250	0
0	6	3	1	5	4	8	9	2	7
3305
606	629
986	629
279	458
838	523
542	906
958	925
664	528
947	67
564	753
314	741
