387
10
0	594	555	523	488	835	636	314	553	664
594	0	177	111	133	241	76	588	69	821
555	177	0	246	243	339	143	460	220	927
523	111	246	0	34	332	186	573	42	711
488	133	243	34	0	363	204	543	70	697
835	241	339	332	363	0	207	798	293	996
636	76	143	186	204	207	0	592	145	897
314	588	460	573	543	798	592	0	582	958
553	69	220	42	70	293	145	582	0	751
664	821	927	711	697	996	897	958	751	0
0	7	2	6	1	8	3	4	5	9
3161
666	752
370	236
546	210
339	343
362	369
265	19
408	170
883	524
345	301
46	991
