4156
10
0	179	361	253	234	264	574	589	591	249
179	0	468	238	160	256	410	516	603	425
361	468	0	615	586	272	871	505	336	398
253	238	615	0	91	472	431	754	820	387
234	160	586	91	0	409	370	673	759	422
264	256	272	472	409	0	620	332	349	461
574	410	871	431	370	620	0	728	925	791
589	516	505	754	673	332	728	0	282	791
591	603	336	820	759	349	925	282	0	715
249	425	398	387	422	461	791	791	715	0
0	1	4	3	9	2	5	7	8	6
3600
560	555
614	384
202	608
811	519
764	440
358	384
909	99
181	103
13	330
549	804
