2861
10
0	167	242	147	818	707	463	1097	869	952
167	0	309	170	750	693	433	1014	716	875
242	309	0	138	638	482	270	925	838	776
147	170	138	0	672	564	316	952	769	805
818	750	638	672	0	263	368	286	562	137
707	693	482	564	263	0	260	516	763	378
463	433	270	316	368	260	0	654	654	505
1097	1014	925	952	286	516	654	0	624	149
869	716	838	769	562	763	654	624	0	576
952	875	776	805	137	378	505	149	576	0
0	3	2	6	5	4	9	7	8	1
2871
92	174
253	128
132	413
188	286
676	748
418	802
368	546
928	885
957	261
796	815
