5511
10
0	203	495	423	480	688	457	339	519	392
203	0	669	625	310	725	613	205	355	595
495	669	0	219	833	537	644	834	850	328
423	625	219	0	859	722	434	747	887	113
480	310	833	859	0	664	921	426	48	858
688	725	537	722	664	0	1066	930	648	806
457	613	644	434	921	1066	0	606	964	321
339	205	834	747	426	930	606	0	475	690
519	355	850	887	48	648	964	475	0	891
392	595	328	113	858	806	321	690	891	0
0	1	7	4	8	5	2	3	9	6
3177
363	470
255	643
825	292
651	159
311	948
961	812
236	30
53	608
337	989
544	122
