4994
10
0	484	590	191	380	568	339	195	451	103
484	0	237	581	680	347	639	293	873	504
590	237	0	615	869	582	826	439	1027	645
191	581	615	0	549	738	512	337	550	287
380	680	869	549	0	538	44	436	258	278
568	347	582	738	538	0	512	404	788	521
339	639	826	512	44	512	0	392	276	237
195	293	439	337	436	404	392	0	592	213
451	873	1027	550	258	788	276	592	0	382
103	504	645	287	278	521	237	213	382	0
0	9	7	1	2	5	6	4	8	3
2983
485	638
463	154
231	105
310	715
859	707
810	171
822	683
511	444
803	959
588	643
