5062
10
0	728	292	513	490	569	939	1003	311	710
728	0	848	437	306	642	877	502	582	493
292	848	0	484	692	422	747	973	272	637
513	437	484	0	463	208	525	500	224	200
490	306	692	463	0	657	985	759	477	618
569	642	422	208	657	0	373	579	263	240
939	877	747	525	985	373	0	564	636	384
1003	502	973	500	759	579	564	0	724	340
311	582	272	224	477	263	636	724	0	407
710	493	637	200	618	240	384	340	407	0
0	2	8	3	9	5	6	7	1	4
3463
763	3
72	234
920	250
467	423
273	2
628	556
607	929
77	736
651	294
393	609
