835
10
0	182	654	53	229	634	358	308	364	369
182	0	509	180	161	455	326	125	352	528
654	509	0	619	640	244	405	433	439	1024
53	180	619	0	262	616	306	304	311	410
229	161	640	262	0	534	485	208	508	467
634	455	244	616	534	0	519	338	559	980
358	326	405	306	485	519	0	370	39	704
308	125	433	304	208	338	370	0	403	642
364	352	439	311	508	559	39	403	0	699
369	528	1024	410	467	980	704	642	699	0
0	3	1	7	4	9	8	6	2	5
3054
644	377
465	339
29	602
623	426
516	186
10	358
430	664
344	304
459	691
982	227
