8971
10
0	472	168	421	496	463	599	514	273	660
472	0	528	303	539	852	987	748	263	695
168	528	0	369	365	330	468	345	274	515
421	303	369	0	236	636	760	471	162	393
496	539	365	236	0	505	605	271	334	174
463	852	330	636	505	0	138	276	589	567
599	987	468	760	605	138	0	346	724	634
514	748	345	471	271	276	346	0	496	292
273	263	274	162	334	589	724	496	0	508
660	695	515	393	174	567	634	292	508	0
0	2	8	3	4	9	7	5	6	1
3179
715	549
900	114
551	511
598	144
367	195
274	692
155	762
217	421
692	276
205	129
