8357
10
0	872	873	830	1064	517	888	245	676	879
872	0	221	442	246	577	352	627	376	85
873	221	0	647	212	460	568	641	547	306
830	442	647	0	672	811	119	626	171	365
1064	246	212	672	0	672	567	824	622	309
517	577	460	811	672	0	797	369	645	632
888	352	568	119	567	797	0	667	212	268
245	627	641	626	824	369	667	0	460	635
676	376	547	171	622	645	212	460	0	322
879	85	306	365	309	632	268	635	322	0
0	7	5	2	4	1	9	6	3	8
2851
70	942
851	554
729	369
899	994
936	323
280	469
957	890
292	838
746	916
892	629
