6057
10
0	664	503	289	403	823	417	620	724	338
664	0	621	794	970	764	505	153	253	840
503	621	0	354	504	320	134	695	486	369
289	794	354	0	177	652	353	802	758	52
403	970	504	177	0	770	525	970	934	139
823	764	320	652	770	0	421	882	540	653
417	505	134	353	525	421	0	566	412	385
620	153	695	802	970	882	566	0	401	852
724	253	486	758	934	540	412	401	0	795
338	840	369	52	139	653	385	852	795	0
0	3	9	4	2	6	8	1	7	5
3641
281	749
191	91
692	458
568	790
626	958
938	253
559	437
59	170
440	42
612	819
