6446
10
0	468	681	399	251	273	287	335	335	415
468	0	360	571	274	725	649	309	542	271
681	360	0	908	429	954	721	654	550	269
399	571	908	0	541	411	678	262	728	695
251	274	429	541	0	525	374	342	279	168
273	725	954	411	525	0	395	509	534	687
287	649	721	678	374	395	0	611	182	467
335	309	654	262	342	509	611	0	593	468
335	542	550	728	279	534	182	593	0	314
415	271	269	695	168	687	467	468	314	0
0	4	9	2	1	7	3	5	6	8
2942
472	404
616	850
976	862
113	579
654	578
284	205
679	204
339	712
801	340
804	654
