6462
10
0	1060	414	265	670	887	428	476	802	953
1060	0	964	968	509	581	991	713	835	108
414	964	0	150	463	1035	30	679	1055	859
265	968	150	0	498	952	167	570	942	860
670	509	463	498	0	753	488	565	888	410
887	581	1035	952	753	0	1064	411	274	547
428	991	30	167	488	1064	0	707	1083	886
476	713	679	570	565	411	707	0	376	624
802	835	1055	942	888	274	1083	376	0	784
953	108	859	860	410	547	886	624	784	0
0	3	2	6	4	9	1	5	8	7
3158
892	296
23	903
967	704
928	559
531	861
5	322
996	712
416	307
121	73
121	857
