8650
10
0	256	326	520	82	493	512	434	421	125
256	0	510	431	338	713	760	185	372	379
326	510	0	491	279	617	539	693	388	309
520	431	491	0	560	1001	979	513	108	618
82	338	279	560	0	440	441	517	456	58
493	713	617	1001	440	0	168	853	895	382
512	760	539	979	441	168	0	921	871	388
434	185	693	513	517	853	921	0	489	553
421	372	388	108	456	895	871	489	0	514
125	379	309	618	58	382	388	553	514	0
0	4	9	2	8	3	1	7	5	6
3094
573	476
558	220
307	665
127	208
565	558
897	848
764	952
613	43
193	294
609	596
