6535
10
0	832	743	531	383	818	445	251	689	685
832	0	140	522	452	31	427	581	177	561
743	140	0	383	361	110	311	498	54	422
531	522	383	0	287	493	192	374	346	162
383	452	361	287	0	437	102	139	307	440
818	31	110	493	437	0	405	568	151	530
445	427	311	192	102	405	0	224	259	339
251	581	498	374	139	568	224	0	444	536
689	177	54	346	307	151	259	444	0	403
685	561	422	162	440	530	339	536	403	0
0	7	4	6	3	9	8	2	5	1
2276
131	745
916	467
791	402
421	300
478	582
893	445
489	480
371	671
743	427
458	142
