6078
10
0	394	300	190	91	344	888	457	686	272
394	0	472	426	384	562	498	711	420	338
300	472	0	109	209	91	880	241	547	542
190	426	109	0	101	163	876	300	589	440
91	384	209	101	0	261	863	387	622	343
344	562	91	163	261	0	970	149	625	603
888	498	880	876	863	970	0	1113	428	805
457	711	241	300	387	149	1113	0	750	727
686	420	547	589	622	625	428	750	0	745
272	338	542	440	343	603	805	727	745	0
0	4	3	2	5	7	1	9	8	6
3651
939	463
608	677
753	227
825	310
873	399
800	148
147	866
862	12
253	451
942	735
