6864
10
0	944	634	1081	588	115	417	157	864	571
944	0	371	399	388	837	527	906	642	989
634	371	0	684	58	544	253	643	736	869
1081	399	684	0	671	965	710	987	398	894
588	388	58	671	0	494	196	589	694	811
115	837	544	965	494	0	312	122	757	516
417	527	253	710	196	312	0	397	618	630
157	906	643	987	589	122	397	0	732	415
864	642	736	398	694	757	618	732	0	522
571	989	869	894	811	516	630	415	522	0
0	5	7	6	4	2	1	3	8	9
3149
968	185
42	373
335	145
60	772
380	182
870	246
558	265
948	341
445	873
954	756
