3627
10
0	729	949	175	1078	721	534	984	862	895
729	0	348	557	351	236	220	254	497	308
949	348	0	798	305	578	539	329	823	54
175	557	798	0	907	549	358	811	708	744
1078	351	305	907	0	486	567	115	664	323
721	236	578	549	486	0	213	371	265	542
534	220	539	358	567	213	0	462	446	491
984	254	329	811	115	371	462	0	557	328
862	497	823	708	664	265	446	557	0	794
895	308	54	744	323	542	491	328	794	0
0	3	6	5	1	7	4	2	9	8
3366
873	816
308	354
369	11
721	728
74	92
197	563
410	549
102	204
13	754
396	58
