5862
10
0	870	482	475	522	430	494	509	538	438
870	0	1009	711	368	777	561	1039	331	654
482	1009	0	306	657	233	450	32	735	354
475	711	306	0	379	79	150	333	470	72
522	368	657	379	0	431	237	689	97	312
430	777	233	79	431	0	217	262	516	122
494	561	450	150	237	217	0	479	331	97
509	1039	32	333	689	262	479	0	768	384
538	331	735	470	97	516	331	768	0	400
438	654	354	72	312	122	97	384	400	0
0	5	3	9	6	4	8	1	2	7
2893
149	750
992	966
252	279
511	442
670	787
433	426
605	559
239	249
671	884
518	514
