1254
10
0	245	645	986	763	676	778	757	1006	55
245	0	420	741	604	549	630	537	768	292
645	420	0	457	721	741	354	119	560	680
986	741	457	0	618	711	755	445	154	1034
763	604	721	618	0	126	1068	809	515	817
676	549	741	711	126	0	1075	842	622	729
778	630	354	755	1068	1075	0	312	884	789
757	537	119	445	809	842	312	0	572	789
1006	768	560	154	515	622	884	572	0	1057
55	292	680	1034	817	729	789	789	1057	0
0	9	1	2	7	6	3	8	4	5
3424
199	861
396	714
813	661
953	225
345	112
243	186
968	980
932	670
860	102
181	913
