2326
10
0	174	868	153	1082	780	376	906	402	755
174	0	745	211	950	752	332	757	436	685
868	745	0	755	220	480	535	198	670	291
153	211	755	0	974	627	234	820	252	613
1082	950	220	974	0	650	756	240	888	478
780	752	480	627	650	0	420	668	404	192
376	332	535	234	756	420	0	629	183	379
906	757	198	820	240	668	629	0	791	476
402	436	670	252	888	404	183	791	0	448
755	685	291	613	478	192	379	476	448	0
0	3	1	6	8	5	9	2	7	4
3286
927	854
753	841
316	237
912	701
124	128
773	89
777	509
164	365
951	452
600	173
