4250
10
0	799	937	674	956	735	724	377	812	882
799	0	723	136	760	432	678	596	632	604
937	723	0	753	37	307	220	561	129	119
674	136	753	0	789	446	667	515	645	637
956	760	37	789	0	343	233	582	158	156
735	432	307	446	343	0	255	376	201	197
724	678	220	667	233	255	0	354	121	218
377	596	561	515	582	376	354	0	434	506
812	632	129	645	158	201	121	434	0	96
882	604	119	637	156	197	218	506	96	0
0	7	6	8	9	2	4	5	1	3
2689
28	787
306	37
902	448
215	139
931	471
613	342
721	574
371	630
773	464
808	374
