8707
10
0	581	227	625	106	429	837	811	579	749
581	0	597	224	589	678	427	335	343	721
227	597	0	555	333	202	729	734	461	539
625	224	555	0	670	567	231	186	147	519
106	589	333	670	0	535	892	853	645	846
429	678	202	567	535	0	684	721	436	369
837	427	729	231	892	684	0	117	267	495
811	335	734	186	853	721	117	0	285	584
579	343	461	147	645	436	267	285	0	379
749	721	539	519	846	369	495	584	379	0
0	4	2	5	9	8	3	7	6	1
2847
982	797
405	728
981	570
429	505
968	903
980	368
298	314
261	425
546	415
739	88
