3996
10
0	825	399	707	846	498	71	1080	899	550
825	0	430	987	726	345	796	447	81	380
399	430	0	709	634	104	380	706	506	274
707	987	709	0	403	711	766	918	1065	983
846	726	634	403	0	577	879	533	791	872
498	345	104	711	577	0	483	603	425	296
71	796	380	766	879	483	0	1077	867	498
1080	447	706	918	533	603	1077	0	459	792
899	81	506	1065	791	425	867	459	0	427
550	380	274	983	872	296	498	792	427	0
0	6	2	5	9	1	8	7	4	3
3414
283	1
361	823
361	393
988	60
992	463
415	482
222	39
788	956
332	899
122	527
