589
10
0	738	855	195	729	511	877	826	324	1005
738	0	463	672	484	504	482	383	513	268
855	463	0	896	148	363	23	847	531	576
195	672	896	0	791	595	919	676	404	926
729	484	148	791	0	222	165	853	404	655
511	504	363	595	222	0	382	815	193	739
877	482	23	919	165	382	0	865	553	585
826	383	847	676	853	815	865	0	742	441
324	513	531	404	404	193	553	742	0	776
1005	268	576	926	655	739	585	441	776	0
0	3	8	5	4	2	6	1	9	7
3202
40	289
748	499
861	49
76	481
716	16
498	61
880	35
633	865
346	180
993	610
