5366
10
0	664	662	554	873	1005	622	321	901	264
664	0	153	359	510	349	70	408	393	606
662	153	0	486	664	360	101	360	275	665
554	359	486	0	320	665	386	485	751	362
873	510	664	320	0	671	570	783	875	657
1005	349	360	665	671	0	383	718	315	953
622	70	101	386	570	383	0	348	368	590
321	408	360	485	783	718	348	0	581	428
901	393	275	751	875	315	368	581	0	935
264	606	665	362	657	953	590	428	935	0
0	9	3	4	1	6	2	8	5	7
3256
941	721
311	509
378	371
403	857
106	977
23	311
371	472
719	489
272	117
761	915
