1054
10
0	249	206	843	552	329	475	625	630	589
249	0	305	603	396	526	232	666	589	339
206	305	0	795	689	240	527	420	432	609
843	603	795	0	687	1032	447	905	709	319
552	396	689	687	0	879	285	1062	967	377
329	526	240	1032	879	0	756	438	551	846
475	232	527	447	285	756	0	834	709	132
625	666	420	905	1062	438	834	0	208	861
630	589	432	709	967	551	709	208	0	710
589	339	609	319	377	846	132	861	710	0
0	2	5	7	8	1	6	9	3	4
3603
702	290
612	523
502	238
219	981
885	811
543	1
605	755
112	82
72	287
509	847
