667
10
0	1192	737	611	758	658	717	745	411	813
1192	0	699	589	814	541	814	447	850	628
737	699	0	471	915	338	883	435	330	805
611	589	471	0	444	142	414	148	357	344
758	814	915	444	0	583	42	530	729	186
658	541	338	142	583	0	555	120	317	466
717	814	883	414	42	555	0	508	690	191
745	447	435	148	530	120	508	0	433	386
411	850	330	357	729	317	690	433	0	684
813	628	805	344	186	466	191	386	684	0
0	8	5	7	3	9	4	6	1	2
3818
906	178
6	961
176	282
494	630
820	932
370	560
817	890
354	679
506	273
634	945
