521
10
0	401	145	267	202	590	447	215	362	525
401	0	412	523	589	633	848	277	720	567
145	412	0	135	202	447	492	320	477	383
267	523	135	0	213	363	490	456	543	311
202	589	202	213	0	575	292	414	338	524
590	633	447	363	575	0	837	716	905	69
447	848	492	490	292	837	0	619	261	795
215	277	320	456	414	716	619	0	452	646
362	720	477	543	338	905	261	452	0	849
525	567	383	311	524	69	795	646	849	0
0	2	3	4	6	8	7	1	9	5
3001
296	454
334	854
441	456
553	379
372	266
881	535
227	12
171	629
41	196
813	550
