68
10
0	294	574	353	368	828	805	398	649	815
294	0	291	165	76	657	516	132	536	572
574	291	0	373	215	479	233	177	458	313
353	165	373	0	193	801	561	269	697	682
368	76	215	193	0	609	440	75	509	505
828	657	479	801	609	0	518	533	214	250
805	516	233	561	440	518	0	410	588	274
398	132	177	269	75	533	410	0	436	441
649	536	458	697	509	214	588	436	0	375
815	572	313	682	505	250	274	441	375	0
0	1	4	7	2	6	9	5	8	3
2643
892	569
599	601
320	518
599	766
524	588
252	43
87	535
497	517
463	82
135	265
