4632
10
0	204	470	555	693	373	750	133	471	439
204	0	665	663	881	570	943	336	561	568
470	665	0	412	503	296	280	359	430	316
555	663	412	0	911	645	530	538	109	126
693	881	503	911	0	326	592	567	909	802
373	570	296	645	326	0	527	243	619	523
750	943	280	530	592	527	0	639	597	493
133	336	359	538	567	243	639	0	475	413
471	561	430	109	909	619	597	475	0	113
439	568	316	126	802	523	493	413	113	0
0	7	5	2	6	9	8	3	1	4
3904
287	736
212	926
600	385
842	719
228	45
304	363
802	190
316	606
756	786
723	677
