5155
10
0	692	981	67	1199	852	903	246	979	609
692	0	584	657	905	758	432	473	962	933
981	584	0	919	325	370	156	744	540	812
67	657	919	0	1133	785	844	194	913	555
1199	905	325	1133	0	382	481	985	424	859
852	758	370	785	382	0	458	667	204	484
903	432	156	844	481	458	0	658	651	837
246	473	744	194	985	667	658	0	826	570
979	962	540	913	424	204	651	826	0	486
609	933	812	555	859	484	837	570	486	0
0	3	7	1	6	2	4	5	8	9
3328
64	991
756	991
860	416
101	935
857	91
519	270
864	572
292	898
433	84
48	382
