5110
10
0	240	147	274	379	581	682	692	643	352
240	0	128	238	604	687	817	859	753	250
147	128	0	158	527	571	806	828	755	338
274	238	158	0	635	461	954	966	908	482
379	604	527	635	0	753	444	388	463	591
581	687	571	461	753	0	1182	1142	1173	906
682	817	806	954	444	1182	0	135	101	656
692	859	828	966	388	1142	135	0	229	731
643	753	755	908	463	1173	101	229	0	573
352	250	338	482	591	906	656	731	573	0
0	2	1	3	5	4	7	6	8	9
3276
405	708
271	908
388	855
503	964
451	331
958	889
61	118
180	53
6	203
59	774
