5562
10
0	260	766	315	109	915	135	302	874	610
260	0	535	309	365	655	136	83	639	373
766	535	0	571	850	371	632	556	621	162
315	309	571	0	344	834	246	392	906	450
109	365	850	344	0	1019	232	411	983	699
915	655	371	834	1019	0	787	626	320	396
135	136	632	246	232	787	0	199	771	475
302	83	556	392	411	626	199	0	575	395
874	639	621	906	983	320	771	575	0	565
610	373	162	450	699	396	475	395	565	0
0	4	6	1	7	3	9	2	5	8
3129
137	818
320	633
426	108
31	521
38	865
791	177
201	699
397	664
936	463
405	269
