1553
10
0	384	351	781	768	171	612	300	807	633
384	0	615	788	645	212	741	558	862	720
351	615	0	541	644	444	307	57	527	357
781	788	541	0	268	756	259	548	113	189
768	645	644	268	0	685	455	627	381	380
171	212	444	756	685	0	641	387	806	642
612	741	307	259	455	641	0	332	220	76
300	558	57	548	627	387	332	0	546	372
807	862	527	113	381	806	220	546	0	175
633	720	357	189	380	642	76	372	175	0
0	5	1	7	2	6	9	8	3	4
2705
49	524
206	875
286	265
816	375
808	643
123	679
593	242
270	320
813	262
642	301
