5053
10
0	535	223	425	630	209	386	233	588	109
535	0	391	510	455	671	455	318	152	523
223	391	0	523	407	285	468	94	493	152
425	510	523	0	862	634	60	446	440	515
630	455	407	862	0	618	802	439	607	541
209	671	285	634	618	0	596	354	755	152
386	455	468	60	802	596	0	388	395	469
233	318	94	446	439	354	388	0	406	205
588	152	493	440	607	755	395	406	0	603
109	523	152	515	541	152	469	205	603	0
0	9	5	2	7	1	8	6	3	4
3057
467	725
422	191
596	542
73	564
874	244
653	822
128	539
514	496
271	170
572	693
