1794
10
0	337	253	323	728	391	419	212	560	277
337	0	215	588	847	566	736	494	765	59
253	215	0	399	635	353	570	462	553	180
323	588	399	0	467	165	195	434	251	535
728	847	635	467	0	338	592	890	247	815
391	566	353	165	338	0	351	554	199	522
419	736	570	195	592	351	0	436	345	678
212	494	462	434	890	554	436	0	686	439
560	765	553	251	247	199	345	686	0	721
277	59	180	535	815	522	678	439	721	0
0	7	3	5	8	4	6	2	9	1
2995
394	257
87	118
149	324
461	573
196	958
309	639
656	585
580	155
400	817
141	144
