5860
10
0	474	399	734	606	291	262	414	621	418
474	0	748	438	355	656	663	104	357	329
399	748	0	1104	980	108	145	652	993	498
734	438	1104	0	128	999	986	536	112	762
606	355	980	128	0	874	860	443	18	665
291	656	108	999	874	0	56	563	887	435
262	663	145	986	860	56	0	575	873	467
414	104	652	536	443	563	575	0	447	226
621	357	993	112	18	887	873	447	0	670
418	329	498	762	665	435	467	226	670	0
0	6	5	2	9	7	1	4	8	3
2473
577	754
540	281
238	966
948	120
893	236
325	901
377	924
466	355
892	218
270	469
