7926
10
0	419	415	662	272	164	77	486	104	782
419	0	799	852	571	305	382	347	457	1051
415	799	0	470	256	493	487	702	459	456
662	852	470	0	394	608	735	572	757	248
272	571	256	394	0	271	349	446	363	515
164	305	493	608	271	0	188	323	256	774
77	382	487	735	349	188	0	507	78	860
486	347	702	572	446	323	507	0	578	804
104	457	459	757	363	256	78	578	0	860
782	1051	456	248	515	774	860	804	860	0
0	6	8	5	4	2	9	3	7	1
2980
509	184
924	242
134	363
286	808
383	426
624	302
560	125
806	569
496	80
38	809
