4457
10
0	860	481	702	710	315	324	473	159	797
860	0	667	490	461	817	769	446	707	581
481	667	0	819	808	702	178	553	362	941
702	490	819	0	30	488	813	271	613	123
710	461	808	30	0	506	808	266	615	140
315	817	702	488	506	0	590	370	347	549
324	769	178	813	808	590	0	542	246	929
473	446	553	271	266	370	542	0	356	390
159	707	362	613	615	347	246	356	0	721
797	581	941	123	140	549	929	390	721	0
0	8	6	2	7	4	3	9	5	1
3781
731	868
162	223
250	885
650	170
620	166
890	595
417	949
560	426
597	781
723	71
