3148
10
0	559	622	131	387	514	438	400	318	322
559	0	808	687	175	161	715	902	773	528
622	808	0	615	735	654	189	503	917	333
131	687	615	0	517	631	425	289	305	366
387	175	735	517	0	206	610	749	602	419
514	161	654	631	206	0	577	806	780	399
438	715	189	425	610	577	0	349	728	190
400	902	503	289	749	806	349	0	548	430
318	773	917	305	602	780	728	548	0	639
322	528	333	366	419	399	190	430	639	0
0	3	7	6	2	9	5	1	4	8
2946
430	688
108	231
914	296
528	775
184	389
267	200
792	441
817	790
302	980
603	416
