8023
10
0	469	53	607	272	923	238	350	889	647
469	0	416	342	526	469	351	137	499	336
53	416	0	560	280	873	211	299	844	606
607	342	560	0	780	648	616	429	769	667
272	526	280	780	0	896	174	389	797	544
923	469	873	648	896	0	745	573	221	383
238	351	211	616	174	745	0	214	675	424
350	137	299	429	389	573	214	0	557	341
889	499	844	769	797	221	675	557	0	254
647	336	606	667	544	383	424	341	254	0
0	2	6	4	7	1	9	8	5	3
3030
362	4
622	395
397	44
924	234
146	170
728	852
308	236
504	324
508	881
402	650
