2888
10
0	467	211	164	691	567	519	114	532	365
467	0	352	546	308	400	148	370	652	259
211	352	0	205	638	603	349	209	680	385
164	546	205	0	810	718	555	260	694	507
691	308	638	810	0	276	424	578	624	342
567	400	603	718	276	0	548	458	349	218
519	148	349	555	424	548	0	444	790	398
114	370	209	260	578	458	444	0	473	252
532	652	680	694	624	349	790	473	0	392
365	259	385	507	342	218	398	252	392	0
0	7	2	3	9	5	4	1	6	8
3307
263	551
666	314
315	346
136	447
946	443
814	686
619	173
377	546
601	963
628	571
