8247
10
0	718	928	1141	921	441	573	721	188	1239
718	0	1126	785	287	659	797	872	535	861
928	1126	0	776	1074	540	376	257	969	841
1141	785	776	0	550	748	726	650	1044	97
921	287	1074	550	0	721	815	842	757	611
441	659	540	748	721	0	163	298	436	844
573	797	376	726	815	163	0	148	594	817
721	872	257	650	842	298	148	0	734	733
188	535	969	1044	757	436	594	734	0	1140
1239	861	841	97	611	844	817	733	1140	0
0	8	5	6	7	2	3	9	4	1
3681
42	964
757	896
29	36
802	112
909	652
195	550
134	398
167	253
229	985
870	42
