9099
10
0	74	220	252	318	824	626	626	411	281
74	0	178	290	246	770	557	552	355	337
220	178	0	466	275	605	439	500	445	502
252	290	466	0	446	1058	821	764	429	97
318	246	275	446	0	680	392	321	186	525
824	770	605	1058	680	0	328	540	844	1104
626	557	439	821	392	328	0	217	532	887
626	552	500	764	321	540	217	0	390	846
411	355	445	429	186	844	532	390	0	524
281	337	502	97	525	1104	887	846	524	0
0	1	2	4	8	7	6	5	3	9
3084
225	287
299	284
383	441
114	60
534	211
867	804
821	479
851	264
542	25
22	92
