1172
10
0	110	456	668	304	61	281	420	194	169
110	0	486	694	266	156	174	494	299	237
456	486	0	212	293	500	530	212	394	604
668	694	212	0	473	711	717	356	594	814
304	266	293	473	0	365	244	411	384	472
61	156	500	711	365	0	331	439	185	110
281	174	530	717	244	331	0	600	458	404
420	494	212	356	411	439	600	0	274	522
194	299	394	594	384	185	458	274	0	250
169	237	604	814	472	110	404	522	250	0
0	5	9	1	6	4	2	7	8	3
2867
272	692
382	692
199	241
169	31
425	429
233	740
549	640
20	355
91	620
200	845
