2369
10
0	696	297	569	517	374	478	182	377	243
696	0	399	909	499	413	239	532	891	856
297	399	0	640	367	178	196	142	544	482
569	909	640	0	423	512	812	530	236	781
517	499	367	423	0	189	467	356	481	759
374	413	178	512	189	0	304	194	478	602
478	239	196	812	467	304	0	339	737	618
182	532	142	530	356	194	339	0	407	409
377	891	544	236	481	478	737	407	0	560
243	856	482	781	759	602	618	409	560	0
0	7	2	5	4	3	8	9	6	1
3463
281	436
736	963
482	655
704	54
798	467
634	562
526	847
445	517
474	111
39	465
