8852
10
0	522	409	185	392	494	434	203	705	319
522	0	931	650	545	136	801	719	188	382
409	931	0	319	667	900	435	233	1114	658
185	650	319	0	571	650	257	227	838	339
392	545	667	571	0	429	826	444	662	612
494	136	900	650	429	0	837	674	238	444
434	801	435	257	826	837	0	461	985	425
203	719	233	227	444	674	461	0	897	507
705	188	1114	838	662	238	985	897	0	562
319	382	658	339	612	444	425	507	562	0
0	3	7	2	6	9	1	5	8	4
3315
405	606
743	208
165	938
447	787
201	271
616	159
597	996
232	714
820	36
724	590
