3218
10
0	455	668	558	666	400	267	716	576	215
455	0	261	418	245	329	378	295	493	254
668	261	0	649	334	371	638	361	731	497
558	418	649	0	374	699	297	394	84	392
666	245	334	374	0	565	504	51	458	451
400	329	371	699	565	0	521	613	758	348
267	378	638	297	504	521	0	547	309	174
716	295	361	394	51	613	547	0	476	501
576	493	731	84	458	758	309	476	0	434
215	254	497	392	451	348	174	501	434	0
0	9	6	3	8	4	7	1	2	5
2606
40	591
485	690
628	909
499	272
706	584
257	928
234	407
756	571
461	197
255	580
