4935
10
0	416	410	159	154	409	366	555	479	610
416	0	146	554	453	767	273	146	195	329
410	146	0	566	395	696	140	258	73	475
159	554	566	0	273	408	525	684	636	692
154	453	395	273	0	314	301	599	450	709
409	767	696	408	314	0	579	913	741	1014
366	273	140	525	301	579	0	397	164	600
555	146	258	684	599	913	397	0	271	259
479	195	73	636	450	741	164	271	0	512
610	329	475	692	709	1014	600	259	512	0
0	4	3	5	6	2	8	1	7	9
2837
335	629
213	231
85	303
461	727
191	684
154	996
27	431
223	85
21	267
478	35
