2812
10
0	754	259	691	948	155	650	686	618	1009
754	0	826	167	252	598	686	509	933	787
259	826	0	714	965	320	476	581	368	850
691	167	714	0	258	540	521	342	779	632
948	252	965	258	0	796	694	495	981	666
155	598	320	540	796	0	585	580	627	920
650	686	476	521	694	585	0	198	299	374
686	509	581	342	495	580	198	0	492	350
618	933	368	779	981	627	299	492	0	610
1009	787	850	632	666	920	374	350	610	0
0	5	2	8	6	7	3	1	4	9
3776
137	51
869	233
45	294
757	357
998	450
289	86
339	669
530	614
40	662
572	962
