2773
10
0	445	687	209	552	416	576	181	644	652
445	0	419	567	454	336	805	624	283	644
687	419	0	679	224	751	705	822	171	380
209	567	679	0	491	617	373	178	689	529
552	454	224	491	0	739	481	653	333	195
416	336	751	617	739	0	957	574	619	908
576	805	705	373	481	957	0	528	798	369
181	624	822	178	653	574	528	0	803	706
644	283	171	689	333	619	798	803	0	519
652	644	380	529	195	908	369	706	519	0
0	7	3	6	9	4	2	8	1	5
2726
576	742
863	401
624	56
374	688
454	203
991	712
62	482
435	856
779	130
261	171
