8291
10
0	496	747	707	439	529	594	764	164	371
496	0	855	1096	80	821	308	552	360	232
747	855	0	568	875	324	615	494	668	634
707	1096	568	0	1072	309	992	986	758	874
439	80	875	1072	0	811	368	612	319	241
529	821	324	309	811	0	687	680	520	592
594	308	615	992	368	687	0	244	429	226
764	552	494	986	612	680	244	0	609	434
164	360	668	758	319	520	429	609	0	206
371	232	634	874	241	592	226	434	206	0
0	8	9	6	7	2	5	3	4	1
3615
236	314
109	794
936	575
875	10
73	722
765	299
404	884
634	967
275	474
310	678
