3375
10
0	153	746	451	534	759	179	746	508	806
153	0	593	347	476	616	199	600	497	769
746	593	0	455	711	314	729	264	842	951
451	347	455	0	756	653	546	613	817	1052
534	476	711	756	0	499	361	525	155	297
759	616	314	653	499	0	669	50	652	680
179	199	729	546	361	669	0	667	329	627
746	600	264	613	525	50	667	0	674	720
508	497	842	817	155	652	329	674	0	307
806	769	951	1052	297	680	627	720	307	0
0	1	6	8	4	9	5	7	2	3
3033
528	887
437	763
36	326
90	778
744	398
304	161
635	743
262	189
860	502
982	220
