1306
10
0	733	485	1022	676	618	110	958	727	865
733	0	365	532	981	208	829	709	459	586
485	365	0	851	980	170	594	941	663	818
1022	532	851	0	879	728	1079	306	312	252
676	981	980	879	0	1013	628	627	611	628
618	208	170	728	1013	0	724	864	592	739
110	829	594	1079	628	724	0	985	774	902
958	709	941	306	627	864	985	0	278	125
727	459	663	312	611	592	774	278	0	157
865	586	818	252	628	739	902	125	157	0
0	6	2	5	1	8	9	7	3	4
3684
48	679
345	8
30	194
873	75
675	932
145	68
63	788
955	370
681	321
838	325
