3140
10
0	277	834	471	1021	835	557	768	153	224
277	0	973	662	971	939	650	652	407	257
834	973	0	380	660	124	333	762	702	716
471	662	380	0	808	418	245	727	327	415
1021	971	660	808	0	536	564	358	974	802
835	939	124	418	536	0	290	656	717	688
557	650	333	245	564	290	0	505	457	398
768	652	762	727	358	656	505	0	768	544
153	407	702	327	974	717	457	768	0	247
224	257	716	415	802	688	398	544	247	0
0	8	9	1	6	3	2	5	4	7
3718
881	588
950	319
54	700
433	734
19	40
46	576
329	512
376	9
756	677
719	432
