2266
10
0	432	176	300	75	349	609	248	316	285
432	0	520	723	457	781	1027	288	528	160
176	520	0	342	102	348	631	410	166	359
300	723	342	0	313	88	309	480	504	584
75	457	102	313	0	345	620	312	245	300
349	781	348	88	345	0	283	554	498	634
609	1027	631	309	620	283	0	767	781	892
248	288	410	480	312	554	767	0	508	230
316	528	166	504	245	498	781	508	0	378
285	160	359	584	300	634	892	230	378	0
0	4	2	8	9	1	7	3	5	6
2629
655	292
336	0
812	211
803	553
718	251
891	550
943	829
407	280
862	52
484	63
