8388
10
0	450	214	331	75	393	159	379	244	537
450	0	644	759	449	482	609	612	545	797
214	644	0	283	265	416	94	312	198	407
331	759	283	0	310	678	217	594	470	681
75	449	265	310	0	462	189	455	319	612
393	482	416	678	462	0	460	169	218	332
159	609	94	217	189	460	0	384	254	496
379	612	312	594	455	169	384	0	137	187
244	545	198	470	319	218	254	137	0	298
537	797	407	681	612	332	496	187	298	0
0	4	6	2	8	7	5	9	3	1
3084
429	530
611	118
452	743
169	736
363	493
822	552
380	682
763	711
634	663
834	884
