3737
10
0	569	415	230	231	518	206	622	238	670
569	0	717	734	496	858	369	417	729	504
415	717	0	264	629	141	505	487	247	477
230	734	264	0	461	320	409	652	17	672
231	496	629	461	0	743	181	703	469	771
518	858	141	320	743	0	635	605	305	582
206	369	505	409	181	635	0	521	410	590
622	417	487	652	703	605	521	0	638	87
238	729	247	17	469	305	410	638	0	657
670	504	477	672	771	582	590	87	657	0
0	6	4	3	8	2	5	9	7	1
2908
522	100
834	577
166	315
292	82
753	87
32	270
667	247
441	717
284	98
360	751
