1916
10
0	125	661	295	816	747	654	1201	908	1016
125	0	636	196	793	639	538	1098	837	926
661	636	0	491	156	551	590	820	376	572
295	196	491	0	644	452	366	906	645	730
816	793	156	644	0	631	695	811	354	563
747	639	551	452	631	0	132	461	384	340
654	538	590	366	695	132	0	581	496	472
1201	1098	820	906	811	461	581	0	457	249
908	837	376	645	354	384	496	457	0	209
1016	926	572	730	563	340	472	249	209	0
0	1	3	6	5	9	8	4	2	7
3899
130	925
158	803
790	882
330	708
946	897
617	358
486	376
991	87
954	543
957	334
