446
10
0	554	670	590	399	235	631	94	217	734
554	0	370	801	731	408	883	573	669	542
670	370	0	1104	984	650	1178	634	860	911
590	801	1104	0	208	463	87	683	401	487
399	731	984	208	0	336	233	490	196	576
235	408	650	463	336	0	531	312	265	500
631	883	1178	87	233	531	0	723	428	571
94	573	634	683	490	312	723	0	302	812
217	669	860	401	196	265	428	302	0	674
734	542	911	487	576	500	571	812	674	0
0	7	8	4	3	6	5	1	2	9
3841
182	291
730	375
791	10
105	876
62	672
333	472
21	902
185	197
68	476
592	900
