4805
10
0	144	569	392	377	84	576	181	173	384
144	0	462	515	519	201	623	325	293	302
569	462	0	961	869	568	1075	715	741	647
392	515	961	0	305	407	382	280	222	585
377	519	869	305	0	325	677	198	311	725
84	201	568	407	325	0	638	148	208	467
576	623	1075	382	677	638	0	578	441	485
181	325	715	280	198	148	578	0	145	533
173	293	741	222	311	208	441	145	0	420
384	302	647	585	725	467	485	533	420	0
0	5	7	8	3	4	1	9	6	2
3854
548	298
405	315
57	10
890	491
908	186
584	222
738	842
726	264
685	404
315	604
