1356
10
0	381	244	694	644	481	716	645	584	509
381	0	498	485	302	107	489	668	288	409
244	498	0	906	672	569	924	890	585	739
694	485	906	0	666	512	36	396	714	212
644	302	672	666	0	200	655	941	101	668
481	107	569	512	200	0	509	747	209	478
716	489	924	36	655	509	0	432	707	244
645	668	890	396	941	747	432	0	953	275
584	288	585	714	101	209	707	953	0	686
509	409	739	212	668	478	244	275	686	0
0	2	1	5	4	8	9	3	6	7
3161
679	774
634	395
922	802
155	318
798	141
667	293
158	282
38	697
863	219
242	512
