5923
10
0	127	479	672	1009	115	825	905	793	755
127	0	352	629	922	111	756	864	808	680
479	352	0	607	714	415	627	808	909	542
672	629	607	0	448	559	216	234	357	207
1009	922	714	448	0	895	232	387	749	266
115	111	415	559	895	0	710	793	705	640
825	756	627	216	232	710	0	220	533	85
905	864	808	234	387	793	220	0	380	289
793	808	909	357	749	705	533	380	0	556
755	680	542	207	266	640	85	289	556	0
0	5	1	2	9	6	3	7	8	4
3793
949	886
824	911
473	944
554	342
106	331
865	807
338	331
441	136
820	103
359	414
