9127
10
0	734	559	519	331	502	374	830	288	778
734	0	289	221	409	324	412	1035	892	1184
559	289	0	154	246	57	185	751	644	895
519	221	154	0	189	149	195	881	672	995
331	409	246	189	0	196	94	807	495	871
502	324	57	149	196	0	128	733	590	861
374	412	185	195	94	128	0	724	480	809
830	1035	751	881	807	733	724	0	604	290
288	892	644	672	495	590	480	604	0	498
778	1184	895	995	871	861	809	290	498	0
0	8	6	4	3	5	2	1	7	9
3649
792	252
977	963
732	808
880	764
829	581
731	751
744	623
22	563
508	204
14	273
