2528
10
0	484	452	175	146	477	397	643	331	501
484	0	932	608	456	960	221	1124	712	963
452	932	0	339	542	58	804	254	463	119
175	608	339	0	317	380	465	571	427	355
146	456	542	317	0	553	440	690	263	612
477	960	58	380	553	0	842	199	445	169
397	221	804	465	440	842	0	1025	700	812
643	1124	254	571	690	199	1025	0	513	336
331	712	463	427	263	445	700	513	0	569
501	963	119	355	612	169	812	336	569	0
0	4	8	3	2	5	9	7	6	1
3468
423	673
37	965
725	336
427	498
467	813
780	356
32	744
979	350
730	799
664	233
