7696
10
0	248	831	920	763	445	135	752	808	808
248	0	699	746	569	196	241	594	673	561
831	699	0	187	258	650	909	130	26	773
920	746	187	0	189	646	976	175	188	675
763	569	258	189	0	458	805	139	239	516
445	196	650	646	458	0	419	526	624	366
135	241	909	976	805	419	0	816	884	760
752	594	130	175	139	526	816	0	106	646
808	673	26	188	239	624	884	106	0	752
808	561	773	675	516	366	760	646	752	0
0	6	1	5	9	4	7	8	2	3
2832
989	298
742	327
537	996
352	963
396	779
546	346
930	176
501	871
540	970
181	309
