1475
10
0	218	881	688	335	707	546	761	824	478
218	0	712	638	215	549	351	572	705	392
881	712	0	484	849	178	371	176	244	460
688	638	484	0	847	368	504	526	262	249
335	215	849	847	0	706	478	687	886	598
707	549	178	368	706	0	235	158	213	287
546	351	371	504	478	235	0	220	438	298
761	572	176	526	687	158	220	0	349	412
824	705	244	262	886	213	438	349	0	348
478	392	460	249	598	287	298	412	348	0
0	1	4	6	7	5	2	8	3	9
2700
659	203
454	278
147	921
631	891
342	94
275	797
248	563
125	746
384	980
529	663
