2
10
0	213	394	283	219	489	291	733	369	524
213	0	535	496	153	398	430	735	383	660
394	535	0	351	413	498	105	488	281	130
283	496	351	0	472	699	306	823	514	452
219	153	413	472	0	277	315	585	230	531
489	398	498	699	277	0	443	390	216	569
291	430	105	306	315	443	0	517	231	235
733	735	488	823	585	390	517	0	367	460
369	383	281	514	230	216	231	367	0	362
524	660	130	452	531	569	235	460	362	0
0	1	4	8	5	7	9	2	6	3
2486
512	245
308	183
605	628
784	325
312	336
116	532
559	533
207	912
330	566
640	754
