1738
10
0	811	736	366	84	560	347	700	299	275
811	0	75	1036	863	428	665	740	679	985
736	75	0	967	788	378	600	701	611	913
366	1036	967	0	410	661	383	608	359	92
84	863	788	410	0	638	432	785	384	317
560	428	378	661	638	0	278	335	311	633
347	665	600	383	432	278	0	355	47	355
700	740	701	608	785	335	355	0	402	629
299	679	611	359	384	311	47	402	0	322
275	985	913	92	317	633	355	629	322	0
0	4	9	3	8	6	5	7	2	1
3099
897	626
275	105
335	150
823	985
979	605
345	528
559	707
231	844
606	698
858	899
