5129
10
0	405	824	424	528	599	167	1010	735	636
405	0	491	767	382	358	566	1046	645	797
824	491	0	1049	379	257	952	908	485	871
424	767	1049	0	674	792	282	819	743	400
528	382	379	674	0	125	618	674	263	513
599	358	257	792	125	0	710	756	323	635
167	566	952	282	618	710	0	987	781	581
1010	1046	908	819	674	756	987	0	435	420
735	645	485	743	263	323	781	435	0	436
636	797	871	400	513	635	581	420	436	0
0	6	3	9	7	8	4	5	2	1
3245
911	682
626	970
135	962
913	258
383	675
320	783
984	531
119	54
204	481
520	180
