2455
10
0	901	518	290	896	973	666	102	237	663
901	0	497	682	244	166	671	800	667	524
518	497	0	234	401	504	260	441	355	621
290	682	234	0	629	722	389	229	202	625
896	244	401	629	0	130	487	805	688	702
973	166	504	722	130	0	616	877	751	681
666	671	260	389	487	616	0	618	572	881
102	800	441	229	805	877	618	0	135	571
237	667	355	202	688	751	572	135	0	461
663	524	621	625	702	681	881	571	461	0
0	7	8	3	2	6	4	5	1	9
2903
153	851
886	327
393	391
251	578
715	152
845	166
229	189
246	807
366	745
816	847
