1015
10
0	900	720	762	332	1026	529	314	885	625
900	0	354	319	722	399	776	735	683	932
720	354	0	47	682	720	824	686	895	991
762	319	47	0	709	697	842	714	892	1009
332	722	682	709	0	740	212	19	553	350
1026	399	720	697	740	0	678	758	394	788
529	776	824	842	212	678	0	226	393	166
314	735	686	714	19	758	226	0	572	359
885	683	895	892	553	394	393	572	0	442
625	932	991	1009	350	788	166	359	442	0
0	7	4	6	9	8	5	1	3	2
3032
860	171
477	986
818	890
792	930
541	266
98	859
333	223
557	255
27	471
241	84
