5955
10
0	135	718	1037	306	31	575	992	253	1030
135	0	853	1143	383	167	578	1055	213	1121
718	853	0	747	678	687	999	1014	896	860
1037	1143	747	0	768	1013	845	435	1032	171
306	383	678	768	0	293	347	686	273	738
31	167	687	1013	293	0	577	978	270	1009
575	578	999	845	347	577	0	571	368	744
992	1055	1014	435	686	978	571	0	881	269
253	213	896	1032	273	270	368	881	0	983
1030	1121	860	171	738	1009	744	269	983	0
0	5	1	8	4	6	7	9	3	2
3507
164	49
29	35
882	61
872	808
263	339
195	54
49	613
477	991
5	247
733	908
