6514
10
0	298	363	586	209	285	628	566	387	723
298	0	549	748	89	221	748	864	616	1017
363	549	0	222	476	364	276	552	652	606
586	748	222	0	683	541	108	656	853	640
209	89	476	683	0	192	694	775	546	927
285	221	364	541	192	0	531	796	671	914
628	748	276	108	694	531	0	760	927	748
566	864	552	656	775	796	760	0	445	206
387	616	652	853	546	671	927	445	0	651
723	1017	606	640	927	914	748	206	651	0
0	4	1	5	2	3	6	9	7	8
2999
433	231
243	1
258	550
147	743
293	75
149	202
41	722
799	663
820	218
775	868
