3847
10
0	553	823	689	883	724	944	571	763	255
553	0	276	136	444	200	467	619	443	537
823	276	0	148	295	219	265	747	547	764
689	136	148	0	382	124	381	699	445	661
883	444	295	382	0	494	88	599	825	739
724	200	219	124	494	0	481	809	331	736
944	467	265	381	88	481	0	686	811	813
571	619	747	699	599	809	686	0	1042	318
763	443	547	445	825	331	811	1042	0	876
255	537	764	661	739	736	813	318	876	0
0	9	7	4	6	2	3	5	1	8
3203
822	789
304	594
80	432
177	544
199	162
111	649
111	168
796	218
83	979
838	534
