6532
10
0	219	141	360	134	696	774	381	738	607
219	0	267	579	187	798	765	448	708	814
141	267	0	370	82	562	638	240	607	562
360	579	370	0	439	640	891	493	889	286
134	187	82	439	0	621	651	280	609	643
696	798	562	640	621	0	394	351	451	538
774	765	638	891	651	394	0	413	86	885
381	448	240	493	280	351	413	0	398	567
738	708	607	889	609	451	86	398	0	911
607	814	562	286	643	538	885	567	911	0
0	4	2	7	5	6	8	1	3	9
3467
907	459
987	255
773	415
753	785
826	352
211	443
249	50
546	337
324	6
492	902
