9643
10
0	775	1004	600	553	357	522	621	88	323
775	0	423	334	600	452	976	726	720	567
1004	423	0	743	1000	648	1337	1131	980	906
600	334	743	0	265	417	658	391	521	303
553	600	1000	265	0	541	414	132	464	241
357	452	648	417	541	0	744	662	333	335
522	976	1337	658	414	744	0	348	466	431
621	726	1131	391	132	662	348	0	535	340
88	720	980	521	464	333	466	535	0	236
323	567	906	303	241	335	431	340	236	0
0	8	9	4	7	6	3	1	2	5
3465
535	59
567	834
970	964
312	617
124	429
664	392
13	30
2	378
471	120
337	315
