1735
10
0	959	744	225	790	790	585	662	765	1015
959	0	551	754	317	772	620	613	492	192
744	551	0	647	234	1049	164	97	61	454
225	754	647	0	631	604	511	587	651	833
790	317	234	631	0	894	320	300	176	250
790	772	1049	604	894	0	982	1037	1019	949
585	620	164	511	320	982	0	78	202	567
662	613	97	587	300	1037	78	0	149	537
765	492	61	651	176	1019	202	149	0	394
1015	192	454	833	250	949	567	537	394	0
0	3	6	7	2	8	4	9	1	5
3152
814	911
167	202
718	173
611	812
484	193
25	961
775	327
779	249
658	162
281	47
