8932
10
0	115	753	776	243	529	361	761	812	715
115	0	846	812	358	525	381	774	917	754
753	846	0	492	617	666	595	630	164	463
776	812	492	0	796	347	432	156	656	61
243	358	617	796	0	646	467	828	635	734
529	525	666	347	646	0	180	259	811	307
361	381	595	432	467	180	0	399	718	375
761	774	630	156	828	259	399	0	793	168
812	917	164	656	635	811	718	793	0	626
715	754	463	61	734	307	375	168	626	0
0	1	4	6	5	7	3	9	2	8
3035
338	769
232	815
695	106
213	3
575	712
63	317
199	435
66	58
855	142
234	61
