1034
10
0	66	53	88	18	74	79	86	56	54
66	0	59	48	45	64	84	53	99	75
53	59	0	57	91	65	26	55	8	34
88	48	57	0	100	78	52	87	64	73
18	45	91	100	0	18	1	2	90	43
74	64	65	78	18	0	60	66	4	16
79	84	26	52	1	60	0	93	66	24
86	53	55	87	2	66	93	0	96	16
56	99	8	64	90	4	66	96	0	73
54	75	34	73	43	16	24	16	73	0
