427
10
0	72	97	83	41	87	22	35	95	48
72	0	66	19	84	85	32	69	31	41
97	66	0	19	19	80	25	69	26	19
83	19	19	0	76	67	29	46	56	63
41	84	19	76	0	44	34	90	71	25
87	85	80	67	44	0	67	9	49	27
22	32	25	29	34	67	0	70	79	7
35	69	69	46	90	9	70	0	19	13
95	31	26	56	71	49	79	19	0	48
48	41	19	63	25	27	7	13	48	0
0	6	9	5	7	8	1	3	2	4
213
