342
10
0	76	15	7	45	78	86	72	33	92
76	0	83	64	88	78	86	70	43	79
15	83	0	16	64	64	16	7	89	77
7	64	16	0	87	2	6	82	91	37
45	88	64	87	0	65	45	26	47	58
78	78	64	2	65	0	97	52	25	15
86	86	16	6	45	97	0	29	75	94
72	70	7	82	26	52	29	0	53	56
33	43	89	91	47	25	75	53	0	93
92	79	77	37	58	15	94	56	93	0
