1342
10
0	24	92	64	85	0	38	73	3	99
24	0	87	89	9	45	51	19	42	91
92	87	0	87	35	67	13	100	27	42
64	89	87	0	37	40	65	78	12	20
85	9	35	37	0	96	96	87	69	34
0	45	67	40	96	0	91	61	74	94
38	51	13	65	96	91	0	77	23	19
73	19	100	78	87	61	77	0	98	30
3	42	27	12	69	74	23	98	0	74
99	91	42	20	34	94	19	30	74	0
0	5	3	9	7	1	4	2	6	8
192
