232
10
0	43	52	86	10	44	6	53	31	49
43	0	68	69	22	39	68	92	3	7
52	68	0	56	67	14	45	33	64	45
86	69	56	0	0	15	48	7	67	23
10	22	67	0	0	61	45	56	35	8
44	39	14	15	61	0	16	43	99	100
6	68	45	48	45	16	0	93	15	88
53	92	33	7	56	43	93	0	56	94
31	3	64	67	35	99	15	56	0	79
49	7	45	23	8	100	88	94	79	0
0	6	5	2	7	3	4	9	1	8
125
