1773
10
0	70	52	12	21	2	29	97	6	21
70	0	82	71	3	18	43	44	90	37
52	82	0	4	100	90	87	53	99	94
12	71	4	0	91	68	21	27	94	43
21	3	100	91	0	93	52	27	65	46
2	18	90	68	93	0	56	53	0	33
29	43	87	21	52	56	0	12	30	20
97	44	53	27	27	53	12	0	67	96
6	90	99	94	65	0	30	67	0	100
21	37	94	43	46	33	20	96	100	0
0	5	8	6	9	1	4	7	2	3
188
