565
10
0	55	80	12	75	59	85	65	32	16
55	0	0	26	58	75	39	91	24	31
80	0	0	54	91	36	99	90	30	55
12	26	54	0	45	96	43	51	24	59
75	58	91	45	0	47	100	21	23	52
59	75	36	96	47	0	24	49	12	1
85	39	99	43	100	24	0	33	36	17
65	91	90	51	21	49	33	0	30	25
32	24	30	24	23	12	36	30	0	9
16	31	55	59	52	1	17	25	9	0
0	3	1	2	5	8	4	7	6	9
196
