1308
10
0	32	22	94	38	10	28	25	65	47
32	0	37	71	46	98	30	25	48	60
22	37	0	21	2	57	23	34	89	84
94	71	21	0	30	83	90	81	26	16
38	46	2	30	0	8	61	16	39	81
10	98	57	83	8	0	100	8	21	37
28	30	23	90	61	100	0	67	41	75
25	25	34	81	16	8	67	0	14	5
65	48	89	26	39	21	41	14	0	85
47	60	84	16	81	37	75	5	85	0
