206
10
0	16	86	16	39	74	24	22	38	13
16	0	74	4	2	20	28	20	0	60
86	74	0	75	20	51	9	78	81	68
16	4	75	0	90	74	41	56	11	63
39	2	20	90	0	57	83	36	75	33
74	20	51	74	57	0	84	68	23	69
24	28	9	41	83	84	0	23	46	30
22	20	78	56	36	68	23	0	60	25
38	0	81	11	75	23	46	60	0	45
13	60	68	63	33	69	30	25	45	0
