1423
10
0	36	73	86	36	31	45	69	94	8
36	0	81	9	92	97	64	49	23	96
73	81	0	19	16	90	11	32	2	10
86	9	19	0	95	1	73	38	69	36
36	92	16	95	0	4	96	28	5	7
31	97	90	1	4	0	100	10	14	18
45	64	11	73	96	100	0	68	71	16
69	49	32	38	28	10	68	0	60	84
94	23	2	69	5	14	71	60	0	80
8	96	10	36	7	18	16	84	80	0
0	9	6	2	8	4	7	5	3	1
126
