1549
10
0	89	30	8	11	32	23	33	83	97
89	0	58	10	21	19	80	13	16	41
30	58	0	21	13	15	55	31	33	35
8	10	21	0	9	42	85	2	22	94
11	21	13	9	0	82	0	0	10	10
32	19	15	42	82	0	85	82	70	37
23	80	55	85	0	85	0	68	14	30
33	13	31	2	0	82	68	0	38	50
83	16	33	22	10	70	14	38	0	77
97	41	35	94	10	37	30	50	77	0
