214
10
0	37	37	43	34	8	56	58	63	5
37	0	36	65	73	99	53	19	18	64
37	36	0	8	56	94	6	75	53	22
43	65	8	0	100	68	98	10	34	8
34	73	56	100	0	96	23	14	58	8
8	99	94	68	96	0	55	2	39	65
56	53	6	98	23	55	0	34	5	33
58	19	75	10	14	2	34	0	92	15
63	18	53	34	58	39	5	92	0	32
5	64	22	8	8	65	33	15	32	0
