67
10
0	100	4	36	59	77	70	29	5	23
100	0	11	16	69	56	94	37	67	72
4	11	0	14	28	1	98	5	83	4
36	16	14	0	81	46	7	18	5	21
59	69	28	81	0	27	27	84	22	20
77	56	1	46	27	0	99	43	74	31
70	94	98	7	27	99	0	71	81	51
29	37	5	18	84	43	71	0	57	69
5	67	83	5	22	74	81	57	0	74
23	72	4	21	20	31	51	69	74	0
