1154
10
0	56	98	15	33	71	25	35	45	59
56	0	54	61	49	65	96	63	83	49
98	54	0	61	23	22	64	70	58	54
15	61	61	0	20	92	5	61	37	40
33	49	23	20	0	19	62	62	58	19
71	65	22	92	19	0	82	90	31	70
25	96	64	5	62	82	0	69	16	21
35	63	70	61	62	90	69	0	74	84
45	83	58	37	58	31	16	74	0	8
59	49	54	40	19	70	21	84	8	0
0	3	6	8	9	4	5	2	1	7
256
