517
10
0	92	45	49	50	98	28	89	17	95
92	0	35	68	67	94	84	60	62	85
45	35	0	76	38	90	42	94	36	62
49	68	76	0	19	76	19	53	16	4
50	67	38	19	0	55	11	40	68	62
98	94	90	76	55	0	84	25	43	72
28	84	42	19	11	84	0	67	50	39
89	60	94	53	40	25	67	0	79	46
17	62	36	16	68	43	50	79	0	52
95	85	62	4	62	72	39	46	52	0
