1146
10
0	41	48	65	84	45	75	66	69	93
41	0	100	88	79	57	91	12	55	5
48	100	0	100	56	20	20	45	57	48
65	88	100	0	49	73	50	37	57	3
84	79	56	49	0	42	62	26	16	78
45	57	20	73	42	0	65	72	35	33
75	91	20	50	62	65	0	50	72	88
66	12	45	37	26	72	50	0	16	67
69	55	57	57	16	35	72	16	0	4
93	5	48	3	78	33	88	67	4	0
