502
10
0	30	42	35	86	56	31	0	1	13
30	0	55	24	65	93	36	2	83	23
42	55	0	42	99	67	91	82	58	26
35	24	42	0	50	68	57	0	35	9
86	65	99	50	0	25	43	0	71	64
56	93	67	68	25	0	70	94	77	80
31	36	91	57	43	70	0	72	25	70
0	2	82	0	0	94	72	0	27	62
1	83	58	35	71	77	25	27	0	69
13	23	26	9	64	80	70	62	69	0
0	7	4	5	2	9	3	1	6	8
213
