1684
10
0	38	12	100	40	86	16	17	87	27
38	0	95	1	1	32	69	88	86	64
12	95	0	92	23	31	57	68	53	53
100	1	92	0	6	100	43	40	23	38
40	1	23	6	0	77	33	23	1	87
86	32	31	100	77	0	84	69	19	32
16	69	57	43	33	84	0	40	98	37
17	88	68	40	23	69	40	0	72	26
87	86	53	23	1	19	98	72	0	84
27	64	53	38	87	32	37	26	84	0
0	2	6	7	9	5	8	4	3	1
232
