1149
10
0	46	93	49	27	12	58	25	97	36
46	0	10	42	86	0	73	57	31	98
93	10	0	72	100	20	5	41	17	35
49	42	72	0	71	10	92	20	58	34
27	86	100	71	0	92	33	84	0	68
12	0	20	10	92	0	7	16	31	39
58	73	5	92	33	7	0	50	36	61
25	57	41	20	84	16	50	0	56	93
97	31	17	58	0	31	36	56	0	81
36	98	35	34	68	39	61	93	81	0
0	5	1	2	6	4	8	7	3	9
206
