1366
10
0	54	8	16	28	73	37	1	32	60
54	0	63	9	28	90	48	46	20	57
8	63	0	62	83	60	78	58	68	26
16	9	62	0	34	38	92	31	72	19
28	28	83	34	0	96	26	14	75	61
73	90	60	38	96	0	73	65	69	83
37	48	78	92	26	73	0	41	13	23
1	46	58	31	14	65	41	0	13	74
32	20	68	72	75	69	13	13	0	98
60	57	26	19	61	83	23	74	98	0
0	7	4	1	8	6	9	3	5	2
224
