1468
10
0	60	51	63	2	14	90	69	67	82
60	0	45	92	80	55	18	13	99	30
51	45	0	59	93	80	66	90	45	56
63	92	59	0	95	2	7	67	37	53
2	80	93	95	0	94	54	14	10	41
14	55	80	2	94	0	13	16	46	58
90	18	66	7	54	13	0	71	71	24
69	13	90	67	14	16	71	0	58	48
67	99	45	37	10	46	71	58	0	8
82	30	56	53	41	58	24	48	8	0
