356
10
0	78	99	84	45	16	95	59	11	43
78	0	13	64	68	2	23	47	10	94
99	13	0	71	57	42	76	70	68	68
84	64	71	0	86	96	0	65	22	29
45	68	57	86	0	49	57	88	2	77
16	2	42	96	49	0	95	88	56	47
95	23	76	0	57	95	0	31	11	21
59	47	70	65	88	88	31	0	64	32
11	10	68	22	2	56	11	64	0	53
43	94	68	29	77	47	21	32	53	0
0	8	4	2	1	5	9	3	6	7
251
