455
10
0	77	57	94	55	48	22	95	90	89
77	0	91	81	32	19	51	53	36	12
57	91	0	9	16	28	44	13	77	80
94	81	9	0	32	4	75	91	98	77
55	32	16	32	0	36	10	45	6	49
48	19	28	4	36	0	58	9	75	74
22	51	44	75	10	58	0	100	81	18
95	53	13	91	45	9	100	0	7	14
90	36	77	98	6	75	81	7	0	6
89	12	80	77	49	74	18	14	6	0
