1067
10
0	42	41	33	94	90	71	89	39	44
42	0	16	79	50	55	63	88	39	90
41	16	0	39	81	65	23	77	66	23
33	79	39	0	40	13	30	97	35	77
94	50	81	40	0	1	67	54	3	73
90	55	65	13	1	0	74	25	51	38
71	63	23	30	67	74	0	61	65	71
89	88	77	97	54	25	61	0	22	60
39	39	66	35	3	51	65	22	0	88
44	90	23	77	73	38	71	60	88	0
0	1	2	6	3	5	4	8	7	9
254
