497
10
0	29	26	33	44	7	61	61	86	37
29	0	51	76	97	99	93	37	37	100
26	51	0	33	11	63	83	33	21	62
33	76	33	0	80	17	7	28	0	33
44	97	11	80	0	20	21	91	16	47
7	99	63	17	20	0	36	42	54	41
61	93	83	7	21	36	0	13	42	73
61	37	33	28	91	42	13	0	65	6
86	37	21	0	16	54	42	65	0	92
37	100	62	33	47	41	73	6	92	0
