625
10
0	59	53	21	94	10	77	70	85	84
59	0	100	47	26	1	39	50	82	14
53	100	0	80	93	41	91	3	5	24
21	47	80	0	51	99	16	35	36	98
94	26	93	51	0	39	20	67	98	49
10	1	41	99	39	0	50	14	3	47
77	39	91	16	20	50	0	0	71	48
70	50	3	35	67	14	0	0	0	45
85	82	5	36	98	3	71	0	0	39
84	14	24	98	49	47	48	45	39	0
0	3	6	4	9	1	5	8	7	2
180
