104
10
0	74	39	27	75	72	93	55	81	34
74	0	48	58	83	73	89	99	57	20
39	48	0	65	0	38	10	2	60	27
27	58	65	0	50	10	86	20	78	52
75	83	0	50	0	48	97	94	46	14
72	73	38	10	48	0	8	44	70	85
93	89	10	86	97	8	0	98	58	57
55	99	2	20	94	44	98	0	6	18
81	57	60	78	46	70	58	6	0	40
34	20	27	52	14	85	57	18	40	0
