1845
10
0	32	17	68	72	78	25	87	19	40
32	0	7	61	73	45	41	64	47	89
17	7	0	41	66	83	79	70	74	87
68	61	41	0	0	9	57	69	72	32
72	73	66	0	0	8	76	88	80	72
78	45	83	9	8	0	34	18	47	7
25	41	79	57	76	34	0	91	71	20
87	64	70	69	88	18	91	0	41	74
19	47	74	72	80	47	71	41	0	63
40	89	87	32	72	7	20	74	63	0
0	2	1	6	9	3	4	5	7	8
203
