1965
10
0	42	13	10	88	30	0	78	32	38
42	0	10	95	61	27	17	56	53	30
13	10	0	26	96	85	56	65	68	58
10	95	26	0	69	31	100	52	94	75
88	61	96	69	0	89	91	28	59	24
30	27	85	31	89	0	24	84	74	12
0	17	56	100	91	24	0	18	78	76
78	56	65	52	28	84	18	0	20	93
32	53	68	94	59	74	78	20	0	80
38	30	58	75	24	12	76	93	80	0
0	6	1	2	3	5	9	4	7	8
200
