1958
10
0	7	76	92	32	64	78	21	48	93
7	0	91	33	6	51	11	76	68	45
76	91	0	0	87	7	49	28	70	84
92	33	0	0	2	97	8	71	97	39
32	6	87	2	0	74	50	4	56	37
64	51	7	97	74	0	86	57	9	62
78	11	49	8	50	86	0	5	34	73
21	76	28	71	4	57	5	0	90	22
48	68	70	97	56	9	34	90	0	18
93	45	84	39	37	62	73	22	18	0
0	1	6	7	9	8	5	2	3	4
113
