1876
10
0	94	6	25	96	53	44	18	36	24
94	0	10	89	94	47	71	14	57	80
6	10	0	82	15	2	0	24	84	2
25	89	82	0	35	10	46	60	32	42
96	94	15	35	0	65	59	32	69	31
53	47	2	10	65	0	50	71	52	67
44	71	0	46	59	50	0	50	2	12
18	14	24	60	32	71	50	0	45	10
36	57	84	32	69	52	2	45	0	71
24	80	2	42	31	67	12	10	71	0
0	2	4	9	6	8	3	5	1	7
187
