641
10
0	71	75	65	78	34	9	51	57	86
71	0	77	39	18	59	96	70	25	78
75	77	0	91	97	73	82	38	15	86
65	39	91	0	100	92	52	68	28	43
78	18	97	100	0	79	100	59	13	54
34	59	73	92	79	0	26	57	16	83
9	96	82	52	100	26	0	6	51	34
51	70	38	68	59	57	6	0	32	8
57	25	15	28	13	16	51	32	0	52
86	78	86	43	54	83	34	8	52	0
0	6	5	8	4	1	3	9	7	2
285
