1116
10
0	9	69	55	89	89	100	19	95	92
9	0	68	96	93	39	26	50	62	17
69	68	0	89	51	81	29	70	54	33
55	96	89	0	100	30	85	6	20	4
89	93	51	100	0	69	55	9	22	42
89	39	81	30	69	0	77	63	44	10
100	26	29	85	55	77	0	81	8	75
19	50	70	6	9	63	81	0	29	62
95	62	54	20	22	44	8	29	0	66
92	17	33	4	42	10	75	62	66	0
0	1	5	9	3	7	4	8	6	2
205
