951
10
0	91	19	39	13	24	13	31	14	52
91	0	14	30	88	6	97	100	13	18
19	14	0	74	27	73	12	81	78	0
39	30	74	0	75	21	55	67	23	10
13	88	27	75	0	69	95	51	63	21
24	6	73	21	69	0	23	17	11	20
13	97	12	55	95	23	0	86	25	28
31	100	81	67	51	17	86	0	28	64
14	13	78	23	63	11	25	28	0	66
52	18	0	10	21	20	28	64	66	0
0	6	2	9	3	8	1	5	7	4
158
