716
10
0	61	1	100	7	78	50	87	36	8
61	0	51	30	28	1	43	1	89	48
1	51	0	64	92	10	83	67	1	53
100	30	64	0	74	33	32	53	68	66
7	28	92	74	0	93	31	5	30	17
78	1	10	33	93	0	84	62	42	3
50	43	83	32	31	84	0	12	56	22
87	1	67	53	5	62	12	0	81	65
36	89	1	68	30	42	56	81	0	49
8	48	53	66	17	3	22	65	49	0
