1711
10
0	85	100	1	5	92	26	4	49	96
85	0	32	24	82	26	81	43	11	4
100	32	0	10	77	59	11	41	6	22
1	24	10	0	76	73	47	33	97	85
5	82	77	76	0	84	5	44	77	45
92	26	59	73	84	0	77	87	86	81
26	81	11	47	5	77	0	82	25	5
4	43	41	33	44	87	82	0	95	20
49	11	6	97	77	86	25	95	0	37
96	4	22	85	45	81	5	20	37	0
0	7	3	2	8	5	1	9	6	4
184
