13
10
0	28	32	22	59	58	78	91	18	81
28	0	17	64	92	95	34	68	96	57
32	17	0	31	67	64	40	87	8	62
22	64	31	0	94	15	9	79	30	92
59	92	67	94	0	72	80	51	8	8
58	95	64	15	72	0	46	67	46	80
78	34	40	9	80	46	0	61	37	29
91	68	87	79	51	67	61	0	34	84
18	96	8	30	8	46	37	34	0	70
81	57	62	92	8	80	29	84	70	0
