1337
10
0	76	29	92	3	84	99	81	11	69
76	0	75	94	97	85	10	36	30	26
29	75	0	24	54	29	82	1	48	92
92	94	24	0	88	1	53	20	12	77
3	97	54	88	0	4	72	31	60	89
84	85	29	1	4	0	88	33	19	38
99	10	82	53	72	88	0	27	87	75
81	36	1	20	31	33	27	0	2	90
11	30	48	12	60	19	87	2	0	47
69	26	92	77	89	38	75	90	47	0
0	4	5	3	2	7	6	1	9	8
154
