94
10
0	44	72	66	56	52	41	85	29	14
44	0	98	33	83	14	83	9	18	28
72	98	0	57	98	75	95	92	2	54
66	33	57	0	70	56	25	80	16	37
56	83	98	70	0	97	56	97	91	69
52	14	75	56	97	0	25	13	7	59
41	83	95	25	56	25	0	58	14	71
85	9	92	80	97	13	58	0	66	70
29	18	2	16	91	7	14	66	0	72
14	28	54	37	69	59	71	70	72	0
