1782
10
0	17	94	15	46	100	40	97	13	72
17	0	34	83	51	2	85	3	60	54
94	34	0	99	32	59	13	75	82	1
15	83	99	0	54	65	98	53	12	14
46	51	32	54	0	42	29	91	51	61
100	2	59	65	42	0	91	68	33	38
40	85	13	98	29	91	0	3	14	18
97	3	75	53	91	68	3	0	13	16
13	60	82	12	51	33	14	13	0	32
72	54	1	14	61	38	18	16	32	0
0	8	3	9	2	6	7	1	5	4
149
