7
10
0	41	24	98	36	8	74	0	78	85
41	0	100	92	37	67	67	23	94	19
24	100	0	24	31	9	26	82	52	79
98	92	24	0	84	57	80	14	86	56
36	37	31	84	0	65	16	85	43	75
8	67	9	57	65	0	62	89	81	98
74	67	26	80	16	62	0	30	31	44
0	23	82	14	85	89	30	0	42	25
78	94	52	86	43	81	31	42	0	89
85	19	79	56	75	98	44	25	89	0
0	5	2	8	6	4	1	9	3	7
242
