1060
10
0	97	26	78	47	90	30	86	35	60
97	0	91	28	6	28	65	34	76	88
26	91	0	62	72	7	74	71	61	79
78	28	62	0	39	15	68	37	30	78
47	6	72	39	0	69	93	99	2	70
90	28	7	15	69	0	68	53	38	62
30	65	74	68	93	68	0	38	41	70
86	34	71	37	99	53	38	0	50	29
35	76	61	30	2	38	41	50	0	98
60	88	79	78	70	62	70	29	98	0
0	2	5	3	1	4	8	6	7	9
252
