1011
10
0	96	14	94	28	59	87	79	88	64
96	0	38	57	76	0	22	39	30	23
14	38	0	37	55	36	48	30	38	82
94	57	37	0	5	7	33	48	100	83
28	76	55	5	0	27	1	70	80	27
59	0	36	7	27	0	49	38	72	36
87	22	48	33	1	49	0	68	26	12
79	39	30	48	70	38	68	0	77	92
88	30	38	100	80	72	26	77	0	0
64	23	82	83	27	36	12	92	0	0
0	2	7	3	5	1	8	9	6	4
170
