1788
10
0	100	54	4	67	95	50	47	52	63
100	0	61	15	50	90	39	5	75	66
54	61	0	80	71	77	24	19	70	73
4	15	80	0	39	84	67	50	37	86
67	50	71	39	0	97	81	9	53	74
95	90	77	84	97	0	99	84	82	65
50	39	24	67	81	99	0	40	39	93
47	5	19	50	9	84	40	0	63	36
52	75	70	37	53	82	39	63	0	47
63	66	73	86	74	65	93	36	47	0
