986
10
0	60	6	91	58	25	23	25	19	21
60	0	55	42	28	91	49	32	19	55
6	55	0	13	100	72	27	99	14	96
91	42	13	0	70	36	80	32	66	59
58	28	100	70	0	94	46	35	51	50
25	91	72	36	94	0	66	54	5	55
23	49	27	80	46	66	0	1	50	34
25	32	99	32	35	54	1	0	48	70
19	19	14	66	51	5	50	48	0	97
21	55	96	59	50	55	34	70	97	0
0	2	3	7	6	9	4	1	8	5
213
