1784
10
0	42	95	35	17	31	39	50	84	33
42	0	58	67	32	56	90	64	80	85
95	58	0	19	87	32	30	47	1	19
35	67	19	0	58	93	35	20	22	4
17	32	87	58	0	24	28	40	83	23
31	56	32	93	24	0	89	68	70	44
39	90	30	35	28	89	0	14	53	45
50	64	47	20	40	68	14	0	42	82
84	80	1	22	83	70	53	42	0	47
33	85	19	4	23	44	45	82	47	0
