1886
10
0	52	63	57	64	27	100	63	63	30
52	0	86	64	88	93	38	37	30	26
63	86	0	47	40	45	96	46	87	98
57	64	47	0	44	64	81	66	40	28
64	88	40	44	0	63	1	0	54	1
27	93	45	64	63	0	65	58	5	78
100	38	96	81	1	65	0	9	100	57
63	37	46	66	0	58	9	0	26	33
63	30	87	40	54	5	100	26	0	99
30	26	98	28	1	78	57	33	99	0
