1262
10
0	14	5	34	95	60	59	71	94	9
14	0	11	51	66	50	96	23	77	6
5	11	0	2	39	32	22	75	67	71
34	51	2	0	23	20	99	60	67	84
95	66	39	23	0	11	75	73	5	71
60	50	32	20	11	0	43	50	88	0
59	96	22	99	75	43	0	35	62	12
71	23	75	60	73	50	35	0	37	59
94	77	67	67	5	88	62	37	0	100
9	6	71	84	71	0	12	59	100	0
