606
10
0	65	37	44	27	49	21	15	59	50
65	0	20	32	10	42	21	60	24	76
37	20	0	81	61	34	95	8	43	95
44	32	81	0	50	16	8	5	49	68
27	10	61	50	0	63	20	42	9	55
49	42	34	16	63	0	69	95	23	94
21	21	95	8	20	69	0	83	56	53
15	60	8	5	42	95	83	0	31	0
59	24	43	49	9	23	56	31	0	80
50	76	95	68	55	94	53	0	80	0
