183
10
0	44	87	49	84	28	69	40	7	50
44	0	79	0	51	86	42	41	27	81
87	79	0	56	67	6	35	75	7	13
49	0	56	0	79	85	93	20	17	37
84	51	67	79	0	91	24	38	46	70
28	86	6	85	91	0	2	54	30	20
69	42	35	93	24	2	0	83	36	88
40	41	75	20	38	54	83	0	45	41
7	27	7	17	46	30	36	45	0	34
50	81	13	37	70	20	88	41	34	0
