1260
10
0	50	79	61	68	97	78	79	47	92
50	0	72	63	19	29	68	97	51	56
79	72	0	57	42	40	32	3	14	33
61	63	57	0	81	28	0	41	73	27
68	19	42	81	0	41	18	64	4	63
97	29	40	28	41	0	37	77	65	16
78	68	32	0	18	37	0	45	24	82
79	97	3	41	64	77	45	0	86	79
47	51	14	73	4	65	24	86	0	46
92	56	33	27	63	16	82	79	46	0
0	1	5	9	3	6	4	8	2	7
240
