166
10
0	98	15	49	51	20	24	47	46	5
98	0	48	68	42	26	18	58	60	34
15	48	0	6	74	97	16	50	1	94
49	68	6	0	59	6	3	4	33	17
51	42	74	59	0	32	26	59	97	15
20	26	97	6	32	0	86	82	96	63
24	18	16	3	26	86	0	88	55	2
47	58	50	4	59	82	88	0	0	57
46	60	1	33	97	96	55	0	0	43
5	34	94	17	15	63	2	57	43	0
