704
10
0	12	30	9	59	79	76	9	55	42
12	0	64	6	88	70	4	4	85	78
30	64	0	31	89	36	25	86	93	92
9	6	31	0	67	37	51	78	28	0
59	88	89	67	0	1	35	31	37	25
79	70	36	37	1	0	44	72	62	10
76	4	25	51	35	44	0	7	72	33
9	4	86	78	31	72	7	0	99	67
55	85	93	28	37	62	72	99	0	2
42	78	92	0	25	10	33	67	2	0
0	7	1	3	9	8	4	5	6	2
158
