1931
10
0	51	78	67	60	33	51	19	37	63
51	0	37	96	85	63	79	95	5	62
78	37	0	69	40	64	56	62	65	39
67	96	69	0	96	11	42	52	30	35
60	85	40	96	0	59	10	50	80	75
33	63	64	11	59	0	34	13	8	74
51	79	56	42	10	34	0	57	94	56
19	95	62	52	50	13	57	0	39	82
37	5	65	30	80	8	94	39	0	0
63	62	39	35	75	74	56	82	0	0
