1534
10
0	44	45	3	78	94	37	59	23	19
44	0	0	99	68	57	48	78	96	41
45	0	0	55	43	47	54	48	35	35
3	99	55	0	63	41	14	55	40	78
78	68	43	63	0	2	27	50	22	90
94	57	47	41	2	0	54	5	64	75
37	48	54	14	27	54	0	6	4	96
59	78	48	55	50	5	6	0	79	12
23	96	35	40	22	64	4	79	0	84
19	41	35	78	90	75	96	12	84	0
