621
10
0	82	3	34	3	79	36	82	30	47
82	0	55	80	22	18	19	95	28	18
3	55	0	21	50	82	17	32	41	22
34	80	21	0	46	89	45	72	2	49
3	22	50	46	0	11	36	54	35	48
79	18	82	89	11	0	59	15	23	55
36	19	17	45	36	59	0	4	31	29
82	95	32	72	54	15	4	0	84	0
30	28	41	2	35	23	31	84	0	61
47	18	22	49	48	55	29	0	61	0
