988
10
0	61	6	57	99	35	12	60	55	95
61	0	40	46	32	87	50	70	97	17
6	40	0	22	43	4	35	31	95	35
57	46	22	0	12	81	36	38	84	40
99	32	43	12	0	19	50	88	1	100
35	87	4	81	19	0	31	46	71	99
12	50	35	36	50	31	0	15	61	40
60	70	31	38	88	46	15	0	38	58
55	97	95	84	1	71	61	38	0	35
95	17	35	40	100	99	40	58	35	0
