1229
10
0	17	66	25	43	40	14	31	84	8
17	0	77	72	17	28	98	36	39	11
66	77	0	97	39	17	3	51	19	64
25	72	97	0	96	54	81	9	51	16
43	17	39	96	0	86	41	84	92	3
40	28	17	54	86	0	8	19	57	98
14	98	3	81	41	8	0	69	59	26
31	36	51	9	84	19	69	0	100	81
84	39	19	51	92	57	59	100	0	94
8	11	64	16	3	98	26	81	94	0
0	9	4	1	5	7	3	8	2	6
171
