1110
10
0	28	92	26	31	1	55	48	29	77
28	0	4	42	87	98	82	14	32	37
92	4	0	15	3	72	47	88	42	79
26	42	15	0	76	10	81	61	26	25
31	87	3	76	0	12	13	77	52	84
1	98	72	10	12	0	35	92	54	48
55	82	47	81	13	35	0	96	85	32
48	14	88	61	77	92	96	0	37	49
29	32	42	26	52	54	85	37	0	15
77	37	79	25	84	48	32	49	15	0
