222
10
0	73	72	76	14	48	82	79	30	10
73	0	3	93	83	28	81	8	67	17
72	3	0	17	71	27	98	49	91	40
76	93	17	0	44	83	86	65	20	0
14	83	71	44	0	53	14	34	50	74
48	28	27	83	53	0	56	38	79	96
82	81	98	86	14	56	0	70	73	81
79	8	49	65	34	38	70	0	43	82
30	67	91	20	50	79	73	43	0	43
10	17	40	0	74	96	81	82	43	0
0	9	3	2	1	5	6	4	7	8
235
