1545
10
0	28	14	58	17	83	88	79	72	84
28	0	13	30	61	20	91	63	30	51
14	13	0	36	29	39	30	66	78	24
58	30	36	0	37	59	4	87	38	29
17	61	29	37	0	10	57	37	50	35
83	20	39	59	10	0	69	83	9	43
88	91	30	4	57	69	0	1	52	97
79	63	66	87	37	83	1	0	28	85
72	30	78	38	50	9	52	28	0	97
84	51	24	29	35	43	97	85	97	0
