861
10
0	12	73	66	92	16	43	36	92	23
12	0	84	39	42	81	0	21	13	48
73	84	0	30	54	65	26	49	61	28
66	39	30	0	91	35	86	16	76	29
92	42	54	91	0	15	69	35	40	3
16	81	65	35	15	0	8	42	76	56
43	0	26	86	69	8	0	69	26	41
36	21	49	16	35	42	69	0	70	56
92	13	61	76	40	76	26	70	0	47
23	48	28	29	3	56	41	56	47	0
