634
10
0	88	50	80	14	9	67	70	85	41
88	0	100	73	99	80	33	97	85	7
50	100	0	20	65	9	66	77	77	41
80	73	20	0	88	79	71	33	61	53
14	99	65	88	0	52	41	23	20	5
9	80	9	79	52	0	68	19	0	6
67	33	66	71	41	68	0	100	2	58
70	97	77	33	23	19	100	0	5	82
85	85	77	61	20	0	2	5	0	7
41	7	41	53	5	6	58	82	7	0
