1519
10
0	65	33	69	79	30	3	98	26	49
65	0	48	71	6	49	93	46	37	39
33	48	0	39	42	44	16	54	68	74
69	71	39	0	4	70	44	16	74	35
79	6	42	4	0	38	7	16	5	87
30	49	44	70	38	0	13	75	62	79
3	93	16	44	7	13	0	25	1	79
98	46	54	16	16	75	25	0	97	65
26	37	68	74	5	62	1	97	0	82
49	39	74	35	87	79	79	65	82	0
0	9	3	7	1	4	8	6	2	5
248
