1172
10
0	3	36	23	61	24	36	84	31	30
3	0	27	42	86	26	5	66	66	74
36	27	0	11	13	75	1	94	31	93
23	42	11	0	93	75	88	24	6	80
61	86	13	93	0	34	60	36	29	71
24	26	75	75	34	0	10	47	51	42
36	5	1	88	60	10	0	77	6	96
84	66	94	24	36	47	77	0	65	49
31	66	31	6	29	51	6	65	0	98
30	74	93	80	71	42	96	49	98	0
