1029
10
0	94	30	67	27	41	73	62	96	42
94	0	70	43	44	59	69	6	41	43
30	70	0	80	21	4	0	46	8	57
67	43	80	0	39	84	1	82	81	55
27	44	21	39	0	2	82	2	55	82
41	59	4	84	2	0	94	57	29	70
73	69	0	1	82	94	0	74	38	24
62	6	46	82	2	57	74	0	77	5
96	41	8	81	55	29	38	77	0	83
42	43	57	55	82	70	24	5	83	0
