1376
10
0	96	94	69	99	64	53	50	14	98
96	0	65	90	41	2	88	83	7	70
94	65	0	97	44	12	79	29	43	3
69	90	97	0	33	14	74	18	21	45
99	41	44	33	0	39	66	84	32	16
64	2	12	14	39	0	70	13	92	65
53	88	79	74	66	70	0	21	60	100
50	83	29	18	84	13	21	0	34	40
14	7	43	21	32	92	60	34	0	62
98	70	3	45	16	65	100	40	62	0
