794
10
0	13	51	44	2	78	55	79	29	43
13	0	82	28	85	32	99	85	74	96
51	82	0	68	77	30	33	10	70	35
44	28	68	0	41	37	55	62	17	80
2	85	77	41	0	5	48	50	78	27
78	32	30	37	5	0	88	91	89	14
55	99	33	55	48	88	0	7	46	85
79	85	10	62	50	91	7	0	4	51
29	74	70	17	78	89	46	4	0	29
43	96	35	80	27	14	85	51	29	0
