25
10
0	57	24	48	21	61	98	37	95	85
57	0	48	58	11	84	78	58	19	90
24	48	0	84	51	58	73	34	97	19
48	58	84	0	51	99	93	13	68	18
21	11	51	51	0	4	66	14	1	46
61	84	58	99	4	0	14	72	56	94
98	78	73	93	66	14	0	8	79	71
37	58	34	13	14	72	8	0	24	24
95	19	97	68	1	56	79	24	0	96
85	90	19	18	46	94	71	24	96	0
