914
10
0	98	82	13	2	32	55	70	67	48
98	0	60	80	60	14	88	33	3	84
82	60	0	75	100	47	2	2	34	76
13	80	75	0	17	11	25	86	19	11
2	60	100	17	0	44	54	58	28	71
32	14	47	11	44	0	2	26	22	51
55	88	2	25	54	2	0	67	99	61
70	33	2	86	58	26	67	0	24	22
67	3	34	19	28	22	99	24	0	59
48	84	76	11	71	51	61	22	59	0
0	4	8	1	5	6	2	7	9	3
99
