123
10
0	2	30	8	89	36	4	49	39	32
2	0	5	74	82	84	98	63	37	90
30	5	0	84	18	42	20	22	51	12
8	74	84	0	67	16	87	28	71	22
89	82	18	67	0	30	23	42	96	66
36	84	42	16	30	0	100	34	84	66
4	98	20	87	23	100	0	50	63	63
49	63	22	28	42	34	50	0	52	27
39	37	51	71	96	84	63	52	0	51
32	90	12	22	66	66	63	27	51	0
