438
10
0	67	83	79	53	10	34	33	58	26
67	0	34	43	0	80	35	20	50	48
83	34	0	74	79	37	13	19	22	70
79	43	74	0	40	94	60	5	7	19
53	0	79	40	0	95	2	43	70	77
10	80	37	94	95	0	35	4	80	54
34	35	13	60	2	35	0	2	23	3
33	20	19	5	43	4	2	0	36	27
58	50	22	7	70	80	23	36	0	74
26	48	70	19	77	54	3	27	74	0
0	5	7	1	4	6	2	8	3	9
123
