37
10
0	67	29	79	69	52	39	72	8	5
67	0	68	7	46	41	22	58	32	9
29	68	0	97	91	71	2	39	48	38
79	7	97	0	59	20	42	68	80	52
69	46	91	59	0	83	35	29	7	29
52	41	71	20	83	0	18	63	9	97
39	22	2	42	35	18	0	90	89	19
72	58	39	68	29	63	90	0	9	43
8	32	48	80	7	9	89	9	0	64
5	9	38	52	29	97	19	43	64	0
0	9	1	3	5	6	2	7	4	8
144
