345
10
0	40	47	92	73	85	100	51	18	49
40	0	77	42	80	83	48	30	13	27
47	77	0	24	88	21	24	5	56	2
92	42	24	0	85	37	88	23	17	41
73	80	88	85	0	85	65	38	92	57
85	83	21	37	85	0	68	70	84	0
100	48	24	88	65	68	0	0	41	33
51	30	5	23	38	70	0	0	40	3
18	13	56	17	92	84	41	40	0	29
49	27	2	41	57	0	33	3	29	0
0	4	7	6	2	9	5	3	8	1
244
