1895
10
0	71	69	81	57	54	74	30	82	97
71	0	18	22	2	83	18	79	72	94
69	18	0	74	43	27	86	46	68	13
81	22	74	0	9	39	72	85	1	92
57	2	43	9	0	66	78	79	94	23
54	83	27	39	66	0	37	64	74	45
74	18	86	72	78	37	0	93	99	14
30	79	46	85	79	64	93	0	49	32
82	72	68	1	94	74	99	49	0	95
97	94	13	92	23	45	14	32	95	0
0	7	8	3	4	1	6	9	2	5
217
