1000
10
0	75	66	0	38	63	27	19	97	16
75	0	88	56	5	21	74	10	64	13
66	88	0	17	39	59	27	71	19	65
0	56	17	0	67	58	38	53	3	49
38	5	39	67	0	61	87	77	45	30
63	21	59	58	61	0	81	30	73	83
27	74	27	38	87	81	0	18	73	18
19	10	71	53	77	30	18	0	52	18
97	64	19	3	45	73	73	52	0	38
16	13	65	49	30	83	18	18	38	0
