1233
10
0	26	79	94	64	69	71	52	37	31
26	0	50	64	38	29	32	68	15	10
79	50	0	83	36	85	32	100	42	43
94	64	83	0	94	17	52	49	5	54
64	38	36	94	0	23	54	85	63	64
69	29	85	17	23	0	93	57	91	57
71	32	32	52	54	93	0	31	30	53
52	68	100	49	85	57	31	0	41	57
37	15	42	5	63	91	30	41	0	9
31	10	43	54	64	57	53	57	9	0
0	1	9	8	3	5	4	2	6	7
241
