5
15
0	567	187	198	550	397	451	834	404	520	31	966	483	450	221
567	0	676	658	263	834	627	692	535	199	594	701	649	897	414
187	676	0	34	584	210	339	767	331	576	191	926	367	263	266
198	658	34	0	555	205	306	733	296	551	207	892	333	263	244
550	263	584	555	0	686	416	434	333	69	581	478	429	747	334
397	834	210	205	686	0	318	746	366	698	399	929	331	62	424
451	627	339	306	416	318	0	437	92	450	474	613	32	368	306
834	692	767	733	434	746	437	0	439	504	862	197	418	786	626
404	535	331	296	333	366	92	439	0	361	430	596	118	423	229
520	199	576	551	69	698	450	504	361	0	551	543	467	760	315
31	594	191	207	581	399	474	862	430	551	0	996	505	449	252
966	701	926	892	478	929	613	197	596	543	996	0	598	973	747
483	649	367	333	429	331	32	418	118	467	505	598	0	377	337
450	897	263	263	747	62	368	786	423	760	449	973	377	0	486
221	414	266	244	334	424	306	626	229	315	252	747	337	486	0
0	10	2	3	5	13	6	12	7	11	4	9	1	8	14
3269
456	966
759	486
269	953
263	919
504	418
59	941
149	635
129	198
241	623
562	456
455	997
228	27
123	616
6	975
435	745
