3332
10
0	286	358	789	644	610	828	1004	1040	311
286	0	87	540	358	403	760	766	801	89
358	87	0	526	303	421	814	754	788	154
789	540	526	0	298	209	581	227	262	482
644	358	303	298	0	328	787	508	539	349
610	403	421	209	328	0	458	398	433	325
828	760	814	581	787	458	0	609	629	670
1004	766	754	227	508	398	609	0	35	703
1040	801	788	262	539	433	629	35	0	739
311	89	154	482	349	325	670	703	739	0
1	0	9	5	6	8	7	3	4	2
2959
30	810
135	543
108	460
595	259
299	224
529	458
858	778
805	171
833	149
222	565
