6477
10
0	92	690	785	813	809	343	395	627	464
92	0	780	867	878	902	433	484	667	551
690	780	0	222	452	161	347	296	595	238
785	867	222	0	253	331	460	407	482	332
813	878	452	253	0	582	554	512	308	446
809	902	161	331	582	0	475	430	754	385
343	433	347	460	554	475	0	53	495	128
395	484	296	407	512	430	53	0	479	75
627	667	595	482	308	754	495	479	0	450
464	551	238	332	446	385	128	75	450	0
6	0	5	4	8	3	7	9	1	2
2521
145	211
96	132
645	687
839	579
947	350
645	848
400	441
448	465
763	103
521	483
