9296
10
0	360	550	404	525	793	637	494	899	859
360	0	331	452	263	610	364	248	665	502
550	331	0	331	81	278	112	83	353	460
404	452	331	0	373	458	443	343	598	783
525	263	81	373	0	351	113	34	404	410
793	610	278	458	351	0	280	361	153	579
637	364	112	443	113	280	0	143	302	358
494	248	83	343	34	361	143	0	426	441
899	665	353	598	404	153	302	426	0	506
859	502	460	783	410	579	358	441	506	0
1	0	3	5	8	9	6	2	4	7
2714
166	4
189	364
514	431
558	102
436	455
784	501
507	543
431	421
788	654
321	849
