6600
10
0	385	45	376	394	254	768	367	141	407
385	0	400	177	619	298	409	562	305	327
45	400	0	408	433	232	793	409	124	385
376	177	408	0	485	406	406	425	361	481
394	619	433	485	0	634	862	62	522	780
254	298	232	406	634	0	704	597	114	153
768	409	793	406	862	704	0	800	711	694
367	562	409	425	62	597	800	0	487	739
141	305	124	361	522	114	711	487	0	266
407	327	385	481	780	153	694	739	266	0
4	9	0	6	7	8	1	3	2	5
2459
673	213
606	593
718	208
447	514
316	46
839	406
345	908
321	108
756	327
928	531
