4538
10
0	650	862	229	90	334	558	1024	353	577
650	0	612	855	608	342	288	411	417	375
862	612	0	942	887	759	864	558	876	311
229	855	942	0	313	559	787	1201	582	701
90	608	887	313	0	273	484	997	272	589
334	342	759	559	273	0	236	746	117	449
558	288	864	787	484	236	0	681	217	577
1024	411	558	1201	997	746	681	0	828	541
353	417	876	582	272	117	217	828	0	567
577	375	311	701	589	449	577	541	567	0
1	6	8	5	4	0	3	9	2	7
3195
56	649
520	193
918	658
0	872
36	561
220	358
240	122
921	100
117	301
625	553
