5868
10
0	740	419	712	30	247	313	193	379	302
740	0	950	634	711	493	721	918	983	1041
419	950	0	1113	437	555	732	321	735	410
712	634	1113	0	687	578	439	890	667	949
30	711	437	687	0	218	298	223	386	332
247	493	555	578	218	0	329	432	535	549
313	721	732	439	298	329	0	464	272	510
193	918	321	890	223	432	464	0	415	136
379	983	735	667	386	535	272	415	0	382
302	1041	410	949	332	549	510	136	382	0
1	3	6	8	9	7	2	0	4	5
3344
541	287
219	954
232	4
853	928
537	317
447	516
776	495
541	94
920	264
642	2
