7444
10
0	552	375	225	474	436	522	295	449	392
552	0	477	416	1026	364	860	333	1001	805
375	477	0	473	727	620	890	472	722	371
225	416	473	0	666	211	467	89	632	607
474	1026	727	666	0	864	630	751	47	435
436	364	620	211	864	0	520	156	827	812
522	860	890	467	630	520	0	533	583	854
295	333	472	89	751	156	533	0	719	659
449	1001	722	632	47	827	583	719	0	450
392	805	371	607	435	812	854	659	450	0
3	2	9	7	8	1	0	5	6	4
3269
518	514
902	911
426	878
743	526
162	200
953	550
777	60
803	593
208	189
145	635
