5198
10
0	115	469	313	336	689	747	775	479	358
115	0	505	205	221	682	716	757	510	439
469	505	0	678	654	296	421	397	24	752
313	205	678	0	69	800	799	858	679	553
336	221	654	69	0	753	743	806	652	608
689	682	296	800	753	0	149	101	272	1016
747	716	421	799	743	149	0	92	397	1092
775	757	397	858	806	101	92	0	374	1109
479	510	24	679	652	272	397	374	0	770
358	439	752	553	608	1016	1092	1109	770	0
1	3	4	6	7	5	8	2	9	0
2731
249	534
217	645
717	572
76	795
123	846
876	822
856	970
927	910
725	595
40	243
