8345
10
0	495	515	646	205	391	400	800	83	294
495	0	844	161	299	668	821	527	578	201
515	844	0	940	659	177	191	819	500	695
646	161	940	0	457	763	942	449	730	357
205	299	659	457	0	501	582	698	284	101
391	668	177	763	501	0	241	675	401	526
400	821	191	942	582	241	0	912	360	642
800	527	819	449	698	675	912	0	873	615
83	578	500	730	284	401	360	873	0	376
294	201	695	357	101	526	642	615	376	0
1	9	4	0	8	6	2	5	7	3
2603
390	172
219	637
905	144
229	798
276	343
771	260
760	19
660	926
407	90
278	444
