1119
10
0	933	564	748	466	695	586	622	219	426
933	0	703	553	692	745	722	786	725	604
564	703	0	231	759	135	30	100	397	208
748	553	231	0	825	203	231	270	547	327
466	692	759	825	0	887	789	853	411	550
695	745	135	203	887	0	109	89	533	338
586	722	30	231	789	109	0	71	424	238
622	786	100	270	853	89	71	0	477	305
219	725	397	547	411	533	424	477	0	220
426	604	208	327	550	338	238	305	220	0
4	3	9	5	1	7	2	6	0	8
2751
293	137
873	868
192	692
320	885
757	185
130	813
168	710
99	729
376	340
353	559
