818
10
0	372	820	229	442	136	803	809	142	472
372	0	837	454	677	264	648	591	508	466
820	837	0	603	509	878	379	517	811	378
229	454	603	0	232	328	654	695	214	295
442	677	509	232	0	557	695	777	364	362
136	264	878	328	557	0	800	782	277	507
803	648	379	654	695	800	0	141	859	360
809	591	517	695	777	782	141	0	886	419
142	508	811	214	364	277	859	886	0	505
472	466	378	295	362	507	360	419	505	0
8	5	6	4	9	0	7	1	3	2
2839
140	471
353	166
887	811
315	619
379	843
149	335
943	436
930	295
101	608
604	559
