653
10
0	635	857	561	419	491	641	712	829	707
635	0	533	613	451	271	755	1045	663	685
857	533	0	404	443	762	487	832	199	342
561	613	404	0	197	714	142	461	290	145
419	451	443	197	0	518	331	594	415	325
491	271	762	714	518	0	850	1074	852	824
641	755	487	142	331	850	0	346	323	149
712	1045	832	461	594	1074	346	0	658	490
829	663	199	290	415	852	323	658	0	175
707	685	342	145	325	824	149	490	175	0
1	5	0	4	3	7	6	9	8	2
3241
257	702
319	70
852	85
774	482
582	437
104	235
885	571
938	913
956	255
907	423
