4752
10
0	866	598	674	136	341	294	683	361	666
866	0	357	382	969	571	584	189	505	489
598	357	0	480	724	260	307	190	283	568
674	382	480	0	734	517	478	334	377	108
136	969	724	734	0	471	417	792	468	706
341	571	260	517	471	0	75	381	148	565
294	584	307	478	417	75	0	396	102	514
683	189	190	334	792	381	396	0	323	436
361	505	283	377	468	148	102	323	0	417
666	489	568	108	706	565	514	436	417	0
8	3	7	9	0	2	5	1	6	4
2509
493	909
573	46
738	363
266	274
389	998
659	611
586	630
598	234
524	549
171	326
