1742
10
0	829	607	257	925	610	860	364	947	775
829	0	827	660	615	517	492	834	391	972
607	827	0	393	479	313	497	256	662	183
257	660	393	0	667	353	606	217	706	575
925	615	479	667	0	316	123	674	266	516
610	517	313	353	316	0	257	403	386	456
860	492	497	606	123	257	0	651	173	574
364	834	256	217	674	403	651	0	789	413
947	391	662	706	266	386	173	789	0	747
775	972	183	575	516	456	574	413	747	0
3	8	7	5	9	1	4	0	6	2
3133
978	165
705	948
371	191
752	289
178	630
462	491
290	682
617	118
325	852
204	114
