6386
10
0	739	884	447	1198	79	471	825	711	382
739	0	756	474	462	801	275	466	175	408
884	756	0	1008	942	880	774	310	580	875
447	474	1008	0	911	526	251	808	557	134
1198	462	942	911	0	1255	738	643	514	866
79	801	880	526	1255	0	538	849	759	458
471	275	774	251	738	538	0	557	313	142
825	466	310	808	643	849	557	0	293	686
711	175	580	557	514	759	313	293	0	455
382	408	875	134	866	458	142	686	455	0
1	4	8	7	2	5	0	3	9	6
3536
108	913
584	347
989	986
125	466
934	45
109	992
370	521
902	688
682	493
230	550
