6365
10
0	808	764	854	574	281	774	614	664	375
808	0	764	368	846	746	255	919	407	867
764	764	0	463	258	488	952	293	358	466
854	368	463	0	633	671	612	698	200	745
574	846	258	633	0	296	978	73	463	224
281	746	488	671	296	0	803	344	471	141
774	255	952	612	978	803	0	1050	600	940
614	919	293	698	73	344	1050	0	533	245
664	407	358	200	463	471	600	533	0	549
375	867	466	745	224	141	940	245	549	0
6	3	4	8	7	0	1	9	2	5
2953
202	196
911	585
244	959
702	889
82	758
173	476
964	335
12	780
545	765
45	537
