2014
10
0	957	895	801	532	766	492	367	526	427
957	0	781	854	472	301	572	607	772	561
895	781	0	145	839	904	928	634	1139	585
801	854	145	0	831	932	907	590	1105	552
532	472	839	831	0	233	110	286	336	293
766	301	904	932	233	0	304	482	478	465
492	572	928	907	110	304	0	331	227	357
367	607	634	590	286	482	331	0	515	62
526	772	1139	1105	336	478	227	515	0	556
427	561	585	552	293	465	357	62	556	0
8	2	3	9	5	1	4	0	6	7
3304
688	925
70	194
837	42
924	159
242	634
54	495
230	744
526	595
163	961
518	533
