6852
10
0	324	760	755	450	441	617	408	113	383
324	0	461	665	146	422	439	389	436	80
760	461	0	569	424	827	334	801	872	386
755	665	569	0	756	1078	260	1042	826	606
450	146	424	756	0	403	507	377	559	158
441	422	827	1078	403	0	862	36	487	497
617	439	334	260	507	862	0	828	712	369
408	389	801	1042	377	36	828	0	458	464
113	436	872	826	559	487	712	458	0	496
383	80	386	606	158	497	369	464	496	0
3	4	9	6	5	7	2	8	0	1
2971
245	552
479	327
927	215
964	783
504	183
103	134
862	543
127	161
154	619
559	332
