2857
10
0	490	255	415	822	570	519	224	504	284
490	0	668	77	591	774	804	507	687	357
255	668	0	591	813	374	289	178	336	340
415	77	591	0	592	712	735	432	626	288
822	591	813	592	0	613	722	654	562	538
570	774	374	712	613	0	124	353	86	431
519	804	289	735	722	124	0	327	161	447
224	507	178	432	654	353	327	0	281	163
504	687	336	626	562	86	161	281	0	345
284	357	340	288	538	431	447	163	345	0
1	3	9	7	0	2	6	5	8	4
2659
696	140
225	277
893	303
302	271
303	863
888	677
969	582
725	363
815	630
564	392
