457
10
0	535	309	304	623	880	641	744	629	461
535	0	724	811	133	349	129	235	96	393
309	724	0	178	841	1030	793	879	819	760
304	811	178	0	914	1141	900	995	908	759
623	133	841	914	0	318	190	263	86	367
880	349	1030	1141	318	0	241	153	265	685
641	129	793	900	190	241	0	107	104	517
744	235	879	995	263	153	107	0	181	614
629	96	819	908	86	265	104	181	0	435
461	393	760	759	367	685	517	614	435	0
3	6	1	2	9	8	7	5	4	0
2774
923	600
543	223
820	892
998	895
563	91
250	33
414	210
313	173
492	141
927	139
