1503
10
0	76	652	81	476	144	335	195	905	672
76	0	589	144	443	209	259	161	833	601
652	589	0	670	823	796	379	667	733	127
81	144	670	0	557	164	387	276	977	703
476	443	823	557	0	474	461	283	613	763
144	209	796	164	474	0	464	237	984	810
335	259	379	387	461	464	0	292	626	357
195	161	667	276	283	237	292	0	747	648
905	833	733	977	613	984	626	747	0	609
672	601	127	703	763	810	357	648	609	0
3	0	6	5	8	7	1	4	9	2
2828
310	222
381	251
952	103
283	145
378	694
172	266
634	310
360	411
975	836
982	227
