604
10
0	759	907	846	719	208	398	923	639	365
759	0	237	556	237	942	389	756	236	919
907	237	0	417	202	1065	587	618	273	985
846	556	417	0	322	931	702	203	362	760
719	237	202	322	0	868	445	520	82	783
208	942	1065	931	868	0	601	967	792	259
398	389	587	702	445	601	0	856	368	660
923	756	618	203	520	967	856	0	548	754
639	236	273	362	82	792	368	548	0	721
365	919	985	760	783	259	660	754	721	0
1	2	4	8	3	7	9	5	0	6
3094
98	527
685	45
910	122
944	538
769	267
31	724
328	201
998	734
688	281
254	857
