2216
10
0	734	170	734	785	441	356	264	846	597
734	0	627	428	1172	324	557	507	418	522
170	627	0	722	932	309	402	120	819	622
734	428	722	0	839	548	395	639	126	184
785	1172	932	839	0	1051	642	964	951	672
441	324	309	548	1051	0	413	188	609	528
356	557	402	395	642	413	0	373	517	242
264	507	120	639	964	188	373	0	726	563
846	418	819	126	951	609	517	726	0	310
597	522	622	184	672	528	242	563	310	0
1	8	3	9	6	4	0	2	7	5
3199
254	835
983	746
387	941
809	354
13	87
692	890
463	546
505	917
933	330
625	366
