1358
10
0	347	567	713	348	870	115	702	380	672
347	0	301	387	552	523	231	355	333	325
567	301	0	474	602	438	463	326	288	297
713	387	474	0	936	264	604	176	677	190
348	552	602	936	0	1014	389	863	314	830
870	523	438	264	1014	0	754	168	712	197
115	231	463	604	389	754	0	586	320	556
702	355	326	176	863	168	586	0	573	33
380	333	288	677	314	712	320	573	0	540
672	325	297	190	830	197	556	33	540	0
6	3	8	5	0	7	1	9	4	2
2445
899	510
558	575
354	353
255	817
925	162
42	661
784	525
210	646
623	248
237	627
