2533
10
0	561	962	745	158	118	681	634	196	226
561	0	440	692	494	641	744	417	487	368
962	440	0	722	853	1058	840	787	922	740
745	692	722	0	587	861	146	1077	861	581
158	494	853	587	0	276	531	673	300	125
118	641	1058	861	276	0	793	641	191	336
681	744	840	146	531	793	0	1098	823	555
634	417	787	1077	673	641	1098	0	451	577
196	487	922	861	300	191	823	451	0	281
226	368	740	581	125	336	555	577	281	0
4	7	1	2	9	0	3	8	5	6
3323
869	240
536	692
125	851
132	129
711	230
987	236
225	16
912	873
942	422
670	349
