7084
10
0	378	68	756	374	303	95	696	420	346
378	0	313	700	728	491	306	668	271	154
68	313	0	750	441	330	38	695	385	279
756	700	750	0	806	496	782	70	430	837
374	728	441	806	0	340	469	736	657	720
303	491	330	496	340	0	369	429	335	550
95	306	38	782	469	369	0	728	406	254
696	668	695	70	736	429	728	0	397	800
420	271	385	430	657	335	406	397	0	408
346	154	279	837	720	550	254	800	408	0
2	8	6	7	0	4	9	5	3	1
2428
538	285
285	566
480	321
856	971
893	165
769	482
445	305
864	901
518	705
221	425
