698
10
0	83	203	91	379	646	636	1050	769	772
83	0	126	49	299	640	570	978	690	747
203	126	0	161	238	713	544	925	615	791
91	49	161	0	293	591	544	959	682	701
379	299	238	293	0	611	313	688	390	633
646	640	713	591	611	0	504	842	773	201
636	570	544	544	313	504	0	425	268	427
1050	978	925	959	688	842	425	0	339	683
769	690	615	682	390	773	268	339	0	684
772	747	791	701	633	201	427	683	684	0
3	0	1	5	2	9	7	8	4	6
2911
871	857
846	777
875	654
801	798
668	536
234	967
360	478
109	134
437	221
100	817
