4367
10
0	293	279	385	313	165	452	511	484	709
293	0	545	660	605	261	721	290	581	857
279	545	0	357	228	433	422	789	676	829
385	660	357	0	129	421	70	795	440	501
313	605	228	129	0	398	194	783	516	620
165	261	433	421	398	0	475	385	353	611
452	721	422	70	194	475	0	841	444	464
511	290	789	795	783	385	841	0	535	812
484	581	676	440	516	353	444	535	0	282
709	857	829	501	620	611	464	812	282	0
2	5	4	6	3	0	9	1	7	8
2703
567	340
859	368
357	155
208	480
254	359
629	493
155	526
990	627
490	818
258	979
