2601
10
0	639	959	292	232	132	352	333	550	187
639	0	742	563	476	593	655	466	611	628
959	742	0	675	734	1021	661	628	431	797
292	563	675	0	124	384	102	100	258	123
232	476	734	124	0	289	226	106	350	151
132	593	1021	384	289	0	462	396	636	303
352	655	661	102	226	462	0	188	230	164
333	466	628	100	106	396	188	0	248	204
550	611	431	258	350	636	230	248	0	374
187	628	797	123	151	303	164	204	374	0
1	5	0	9	4	7	3	6	8	2
2774
288	842
148	218
878	85
509	651
386	631
159	811
605	688
466	560
701	478
459	764
