3432
10
0	309	504	221	363	469	463	221	352	408
309	0	775	517	113	742	735	517	179	617
504	775	0	288	776	35	40	290	855	694
221	517	288	0	544	252	248	5	574	461
363	113	776	544	0	746	737	546	289	713
469	742	35	252	746	0	10	254	820	662
463	735	40	248	737	10	0	250	815	663
221	517	290	5	546	254	250	0	573	455
352	179	855	574	289	820	815	573	0	527
408	617	694	461	713	662	663	455	527	0
1	4	0	7	3	6	2	5	9	8
2393
612	500
752	224
161	726
433	631
673	142
195	715
196	705
437	635
909	310
847	834
