4600
10
0	73	553	309	271	553	536	554	901	411
73	0	567	381	344	611	577	586	920	390
553	567	0	527	636	401	219	147	354	276
309	381	527	0	135	308	389	446	809	545
271	344	636	135	0	443	519	571	937	605
553	611	401	308	443	0	183	260	565	573
536	577	219	389	519	183	0	77	421	429
554	586	147	446	571	260	77	0	366	385
901	920	354	809	937	565	421	366	0	608
411	390	276	545	605	573	429	385	608	0
4	0	9	5	3	6	7	8	2	1
2433
170	445
186	373
691	632
178	754
57	692
428	935
563	810
624	763
984	832
576	381
