4492
10
0	985	568	344	821	742	738	382	313	676
985	0	776	641	268	307	265	615	753	739
568	776	0	459	781	715	527	373	281	113
344	641	459	0	489	409	400	92	213	529
821	268	781	489	0	80	284	501	661	783
742	307	715	409	80	0	246	422	582	724
738	265	527	400	284	246	0	358	488	510
382	615	373	92	501	422	358	0	161	438
313	753	281	213	661	582	488	161	0	377
676	739	113	529	783	724	510	438	377	0
8	4	9	0	5	7	1	3	2	6
2688
795	902
183	129
928	349
572	639
148	395
218	434
406	274
621	561
780	589
915	236
