5135
10
0	465	699	484	359	462	721	382	269	470
465	0	501	927	803	126	639	480	229	60
699	501	0	974	879	378	186	375	473	441
484	927	974	0	125	888	899	601	703	917
359	803	879	125	0	768	822	504	580	795
462	126	378	888	768	0	512	380	194	68
721	639	186	899	822	512	0	345	548	580
382	480	375	601	504	380	345	0	288	438
269	229	473	703	580	194	548	288	0	214
470	60	441	917	795	68	580	438	214	0
1	9	5	2	6	7	3	4	0	8
2620
523	970
970	839
851	352
44	898
169	908
915	725
685	267
560	589
742	813
954	781
