5031
10
0	199	489	593	517	593	561	675	195	425
199	0	663	704	696	468	362	771	322	297
489	663	0	292	46	843	1010	382	572	734
593	704	292	0	328	702	993	95	743	649
517	696	46	328	0	888	1047	416	586	777
593	468	843	702	888	0	452	713	771	172
561	362	1010	993	1047	452	0	1039	646	370
675	771	382	95	416	713	1039	0	832	683
195	322	572	743	586	771	646	832	0	600
425	297	734	649	777	172	370	683	600	0
1	6	9	5	7	3	2	4	8	0
3030
565	812
373	867
876	434
669	228
922	438
39	538
32	990
631	140
678	971
173	647
