8908
10
0	507	886	460	798	789	772	471	237	833
507	0	717	501	769	752	604	365	742	425
886	717	0	435	223	211	119	1058	1012	442
460	501	435	0	343	332	331	743	578	547
798	769	223	343	0	18	229	1067	878	607
789	752	211	332	18	0	211	1052	873	590
772	604	119	331	229	211	0	940	910	379
471	365	1058	743	1067	1052	940	0	682	789
237	742	1012	578	878	873	910	682	0	1037
833	425	442	547	607	590	379	789	1037	0
1	7	0	8	3	4	5	2	6	9
3146
669	895
234	634
591	12
694	435
794	106
777	113
566	129
209	999
891	979
195	210
