7887
10
0	442	520	611	184	277	523	415	806	433
442	0	135	385	258	232	155	247	438	600
520	135	0	267	339	357	262	194	309	574
611	385	267	0	471	559	528	201	272	452
184	258	339	471	0	152	356	270	635	448
277	232	357	559	152	0	257	368	666	600
523	155	262	528	356	257	0	403	521	748
415	247	194	201	270	368	403	0	404	380
806	438	309	272	635	666	521	404	0	723
433	600	574	452	448	600	748	380	723	0
4	2	8	7	5	6	1	9	3	0
2478
980	290
787	688
652	694
427	550
888	450
986	567
889	806
623	502
368	816
580	124
