3911
10
0	667	654	111	655	173	995	346	791	575
667	0	275	712	804	565	988	912	541	216
654	275	0	654	561	500	713	796	268	100
111	712	654	0	567	155	911	241	754	588
655	804	561	567	0	507	346	509	423	588
173	565	500	155	507	0	836	352	618	433
995	988	713	911	346	836	0	847	465	781
346	912	796	241	509	352	847	0	821	753
791	541	268	754	423	618	465	821	0	357
575	216	100	588	588	433	781	753	357	0
1	5	0	3	7	4	6	8	2	9
2994
139	259
13	915
288	896
249	243
728	547
243	398
991	773
455	117
554	933
212	830
