8752
10
0	317	330	887	362	192	389	191	423	688
317	0	92	636	46	325	555	438	429	832
330	92	0	705	114	385	622	481	515	907
887	636	705	0	596	760	853	893	614	968
362	46	114	596	0	356	580	475	437	849
192	325	385	760	356	0	238	136	232	532
389	555	622	853	580	238	0	207	238	300
191	438	481	893	475	136	207	0	325	502
423	429	515	614	437	232	238	325	0	428
688	832	907	968	849	532	300	502	428	0
1	4	3	8	9	6	7	5	0	2
2941
42	315
91	629
0	643
610	997
111	671
233	336
403	169
198	204
456	402
669	30
