9529
10
0	311	504	227	588	718	406	247	546	560
311	0	197	538	888	1028	439	214	793	854
504	197	0	731	1085	1223	591	342	942	1052
227	538	731	0	375	491	504	447	440	355
588	888	1085	375	0	192	692	821	623	50
718	1028	1223	491	192	0	877	929	593	243
406	439	591	504	692	877	0	565	927	645
247	214	342	447	821	929	565	0	600	798
546	793	942	440	623	593	927	600	0	640
560	854	1052	355	50	243	645	798	640	0
1	6	9	4	5	8	3	0	7	2
3372
627	404
866	204
978	41
464	562
331	913
139	931
964	632
656	158
84	340
381	908
