9524
10
0	519	450	361	118	366	628	86	473	683
519	0	701	672	523	689	111	434	660	518
450	701	0	96	568	810	803	472	922	1071
361	672	96	0	479	718	779	393	835	1005
118	523	568	479	0	254	625	130	355	592
366	689	810	718	254	0	772	380	166	541
628	111	803	779	625	772	0	542	723	519
86	434	472	393	130	380	542	0	459	620
473	660	922	835	355	166	723	459	0	396
683	518	1071	1005	592	541	519	620	396	0
1	2	3	0	7	4	5	8	9	6
2820
764	478
277	659
938	893
935	797
714	371
703	117
166	672
680	497
548	57
163	153
