7093
10
0	718	936	489	924	341	616	529	959	667
718	0	686	707	597	385	846	1058	999	210
936	686	0	515	106	798	522	890	407	487
489	707	515	0	546	536	156	403	470	530
924	597	106	546	0	750	580	938	508	408
341	385	798	536	750	0	692	776	966	392
616	846	522	156	580	692	0	371	354	656
529	1058	890	403	938	776	371	0	682	909
959	999	407	470	508	966	354	682	0	789
667	210	487	530	408	392	656	909	789	0
5	9	8	7	2	1	3	0	6	4
3299
958	547
394	992
32	409
536	299
34	515
728	800
486	151
838	31
156	21
336	790
