484
10
0	438	407	588	307	746	323	727	428	706
438	0	30	679	728	686	542	862	36	788
407	30	0	662	697	679	516	843	37	772
588	679	662	0	583	247	272	183	644	120
307	728	697	583	0	808	342	650	711	676
746	686	679	247	808	0	471	345	650	238
323	542	516	272	342	471	0	404	513	386
727	862	843	183	650	345	404	0	827	107
428	36	37	644	711	650	513	827	0	752
706	788	772	120	676	238	386	107	752	0
1	2	0	4	6	3	7	9	5	8
2572
365	61
767	235
738	225
214	630
58	68
387	807
239	359
53	718
743	262
159	737
