3111
10
0	220	482	119	338	376	728	473	414	401
220	0	480	329	177	520	547	438	530	533
482	480	0	462	653	329	533	75	267	302
119	329	462	0	457	279	795	472	330	310
338	177	653	457	0	685	616	606	702	701
376	520	329	279	685	0	820	382	74	38
728	547	533	795	616	820	0	459	777	805
473	438	75	472	606	382	459	0	327	360
414	530	267	330	702	74	777	327	0	38
401	533	302	310	701	38	805	360	38	0
1	4	8	0	6	3	7	2	9	5
2288
356	832
345	612
818	694
422	932
182	542
693	999
680	179
783	627
752	953
728	983
