1556
10
0	465	422	938	286	657	529	218	999	166
465	0	286	725	530	496	488	367	754	444
422	286	0	1004	627	757	709	215	1038	503
938	725	1004	0	730	281	424	998	81	788
286	530	627	730	0	463	306	470	802	131
657	496	757	281	463	0	161	725	344	509
529	488	709	424	306	161	0	634	495	370
218	367	215	998	470	725	634	0	1046	338
999	754	1038	81	802	344	495	1046	0	853
166	444	503	788	131	509	370	338	853	0
7	8	1	5	9	6	4	2	3	0
2599
579	40
732	480
931	274
110	853
315	152
253	611
244	450
784	116
128	932
446	140
