4582
10
0	394	1256	644	659	787	353	632	420	146
394	0	982	259	286	411	336	290	46	390
1256	982	0	945	731	653	917	697	936	1146
644	259	945	0	231	293	566	299	255	649
659	286	731	231	0	128	455	80	247	612
787	411	653	293	128	0	566	173	373	737
353	336	917	566	455	566	0	393	318	228
632	290	697	299	80	173	393	0	244	570
420	46	936	255	247	373	318	244	0	400
146	390	1146	649	612	737	228	570	400	0
1	8	3	4	7	5	2	6	9	0
3123
129	999
160	606
996	89
89	356
320	368
362	247
428	810
382	419
202	585
274	979
