2429
10
0	283	54	142	217	446	230	671	547	331
283	0	337	425	496	729	163	898	513	597
54	337	0	88	165	392	276	633	569	285
142	425	88	0	87	304	356	577	613	217
217	496	165	87	0	249	440	492	612	227
446	729	392	304	249	0	642	492	841	199
230	163	276	356	440	642	0	900	640	481
671	898	633	577	492	492	900	0	691	649
547	513	569	613	612	841	640	691	0	828
331	597	285	217	227	199	481	649	828	0
6	8	0	2	3	9	1	5	7	4
2744
479	824
196	807
533	827
621	832
692	781
922	878
283	945
992	390
306	305
762	997
