702
10
0	824	859	725	809	760	534	727	1011	896
824	0	220	100	417	710	666	454	249	145
859	220	0	233	632	908	556	658	434	355
725	100	233	0	412	675	585	427	331	216
809	417	632	412	0	322	916	95	363	325
760	710	908	675	322	0	1048	257	686	642
534	666	556	585	916	1048	0	879	914	801
727	454	658	427	95	257	879	0	443	386
1011	249	434	331	363	686	914	443	0	118
896	145	355	216	325	642	801	386	118	0
1	9	8	4	7	5	0	6	2	3
3161
885	811
200	352
72	531
276	417
523	87
844	52
382	993
602	141
160	106
221	208
