605
10
0	175	635	214	919	550	726	555	898	439
175	0	553	247	797	493	618	505	723	273
635	553	0	446	334	112	136	127	675	634
214	247	446	0	757	349	554	350	855	498
919	797	334	757	0	447	204	461	551	769
550	493	112	349	447	0	246	24	743	621
726	618	136	554	204	246	0	263	578	641
555	505	127	350	461	24	263	0	767	641
898	723	675	855	551	743	578	767	0	512
439	273	634	498	769	621	641	641	512	0
3	0	6	7	8	2	4	5	9	1
2551
87	664
198	528
721	710
278	762
995	518
627	772
811	608
627	796
728	35
269	264
