691
10
0	316	530	613	422	493	408	794	452	767
316	0	786	318	231	686	143	775	709	607
530	786	0	990	744	190	804	699	78	903
613	318	990	0	246	844	205	721	920	426
422	231	744	246	0	598	110	560	675	379
493	686	190	844	598	0	674	513	167	717
408	143	804	205	110	674	0	670	731	468
794	775	699	721	560	513	670	0	679	357
452	709	78	920	675	167	731	679	0	856
767	607	903	426	379	717	468	357	856	0
1	6	8	9	3	2	4	5	0	7
2831
822	213
548	54
957	726
230	53
400	232
768	704
423	124
259	774
928	653
94	457
