6954
10
0	798	371	107	781	331	193	521	166	556
798	0	480	853	652	1078	818	722	784	410
371	480	0	394	754	697	479	329	438	190
107	853	394	0	886	367	294	468	271	564
781	652	754	886	0	863	645	1083	643	856
331	1078	697	367	863	0	264	835	294	885
193	818	479	294	645	264	0	697	41	669
521	722	329	468	1083	835	697	0	659	312
166	784	438	271	643	294	41	659	0	628
556	410	190	564	856	885	669	312	628	0
1	4	8	6	5	0	3	7	2	9
3435
331	181
835	800
660	353
374	82
200	951
7	109
183	306
842	78
224	308
847	390
