4841
10
0	559	467	267	335	307	226	447	487	235
559	0	948	760	582	618	333	523	1025	754
467	948	0	558	406	729	653	906	538	507
267	760	558	0	586	220	441	430	276	52
335	582	406	586	0	635	370	732	738	543
307	618	729	220	635	0	356	210	484	254
226	333	653	441	370	356	0	380	697	428
447	523	906	430	732	210	380	0	692	461
487	1025	538	276	738	484	697	692	0	271
235	754	507	52	543	254	428	461	271	0
1	7	5	3	9	8	2	4	0	6
3114
499	557
64	205
964	505
505	824
644	254
289	781
315	425
85	728
727	988
543	788
