329
10
0	475	893	590	146	582	665	770	514	783
475	0	419	124	484	287	190	455	687	422
893	419	0	323	900	447	230	442	985	363
590	124	323	0	581	350	101	481	804	430
146	484	900	581	0	656	670	849	660	849
582	287	447	350	656	0	318	193	539	202
665	190	230	101	670	318	0	414	820	353
770	455	442	481	849	193	414	0	631	80
514	687	985	804	660	539	820	631	0	693
783	422	363	430	849	202	353	80	693	0
4	3	9	6	1	8	2	5	0	7
2774
567	937
590	462
555	44
651	353
713	931
306	416
590	272
176	273
54	893
240	225
