8113
10
0	125	302	696	818	853	321	447	319	904
125	0	269	646	746	763	215	347	209	858
302	269	0	901	980	970	196	241	421	1114
696	646	901	0	181	314	753	850	490	212
818	746	980	181	0	152	810	886	559	219
853	763	970	314	152	0	786	841	560	363
321	215	196	753	810	786	0	132	263	963
447	347	241	850	886	841	132	0	369	1055
319	209	421	490	559	560	263	369	0	701
904	858	1114	212	219	363	963	1055	701	0
1	3	9	4	5	8	6	7	2	0
2852
125	422
228	350
85	122
749	732
911	651
974	512
281	141
299	10
437	353
911	870
