391
10
0	456	491	274	783	271	242	798	253	79
456	0	273	192	1148	662	653	793	709	483
491	273	0	261	1000	755	595	522	724	553
274	192	261	0	963	512	461	714	527	317
783	1148	1000	963	0	858	541	808	651	826
271	662	755	512	858	0	377	1056	207	201
242	653	595	461	541	377	0	725	201	288
798	793	522	714	808	1056	725	0	923	878
253	709	724	527	651	207	201	923	0	238
79	483	553	317	826	201	288	878	238	0
9	3	1	0	7	8	4	2	6	5
3298
756	408
952	820
689	895
828	673
14	157
872	162
530	321
169	950
665	171
816	356
