3983
10
0	105	718	223	648	292	554	791	700	155
105	0	764	299	620	222	624	799	710	190
718	764	0	854	492	685	245	286	253	864
223	299	854	0	864	513	646	977	885	134
648	620	492	864	0	421	592	293	254	798
292	222	685	513	421	0	619	646	564	412
554	624	245	646	592	619	0	489	422	681
791	799	286	977	293	646	489	0	91	947
700	710	253	885	254	564	422	91	0	855
155	190	864	134	798	412	681	947	855	0
1	5	6	9	8	4	3	2	7	0
2559
713	812
610	833
842	105
882	959
374	259
456	672
964	318
564	35
589	123
748	964
