3155
10
0	625	600	640	308	287	263	339	623	401
625	0	990	183	463	895	524	466	112	337
600	990	0	1098	533	689	485	919	1049	653
640	183	1098	0	566	880	614	389	72	461
308	463	533	566	0	584	68	468	516	136
287	895	689	880	584	0	528	512	876	687
263	524	485	614	68	528	0	474	569	203
339	466	919	389	468	512	474	0	406	461
623	112	1049	72	516	876	569	406	0	404
401	337	653	461	136	687	203	461	404	0
7	9	5	8	6	0	2	3	1	4
2914
200	641
349	34
711	956
168	1
465	483
27	870
447	549
13	358
238	19
474	347
