2375
10
0	779	128	535	547	808	874	234	784	379
779	0	651	361	505	833	109	578	272	610
128	651	0	431	444	743	749	119	673	297
535	361	431	0	574	947	414	425	252	564
547	505	444	574	0	373	612	324	699	186
808	833	743	947	373	0	931	636	1059	447
874	109	749	414	612	931	0	682	251	720
234	578	119	425	324	636	682	0	645	189
784	272	673	252	699	1059	251	645	0	747
379	610	297	564	186	447	720	189	747	0
2	6	7	0	1	4	8	9	3	5
2908
894	75
169	360
782	138
359	53
634	557
821	880
61	341
737	249
110	94
775	435
