427
10
0	290	595	418	260	288	535	215	99	636
290	0	503	394	204	522	534	432	325	753
595	503	0	187	692	882	172	519	528	469
418	394	187	0	555	702	140	332	344	396
260	204	692	555	0	373	694	467	345	862
288	522	882	702	373	0	809	425	360	847
535	534	172	140	694	809	0	405	450	301
215	432	519	332	467	425	405	0	122	431
99	325	528	344	345	360	450	122	0	537
636	753	469	396	862	847	301	431	537	0
8	4	3	1	5	0	2	9	7	6
2571
328	413
457	673
920	476
746	405
253	662
46	351
855	316
457	241
406	352
825	16
