829
10
0	343	1026	1008	895	1108	925	696	352	456
343	0	756	763	918	829	816	741	180	225
1026	756	0	97	835	88	501	807	674	894
1008	763	97	0	744	164	407	729	660	921
895	918	835	744	0	909	344	199	738	1143
1108	829	88	164	909	0	570	890	756	955
925	816	501	407	344	570	0	387	649	1029
696	741	807	729	199	890	387	0	564	965
352	180	674	660	738	756	649	564	0	405
456	225	894	921	1143	955	1029	965	405	0
9	8	5	6	7	3	4	0	2	1
3433
41	631
192	322
911	86
942	178
888	921
963	15
965	585
697	865
333	434
21	175
