408
10
0	250	588	152	488	231	219	180	302	434
250	0	537	348	390	481	96	318	328	242
588	537	0	740	160	721	622	760	838	751
152	348	740	0	639	204	278	74	223	462
488	390	160	639	0	660	480	646	706	594
231	481	721	204	660	0	440	278	427	646
219	96	622	278	480	440	0	234	232	217
180	318	760	74	646	278	234	0	149	398
302	328	838	223	706	427	232	149	0	307
434	242	751	462	594	646	217	398	307	0
1	4	2	0	5	3	7	8	9	6
2416
390	502
596	644
893	196
255	572
855	352
195	377
509	686
278	643
302	791
594	886
