3051
10
0	262	740	475	350	609	262	664	333	693
262	0	478	238	155	349	16	641	154	543
740	478	0	342	430	177	480	805	452	600
475	238	342	0	317	167	230	823	331	355
350	155	430	317	0	357	170	509	22	661
609	349	177	167	357	0	347	820	378	443
262	16	480	230	170	347	0	657	169	529
664	641	805	823	509	820	657	0	499	1171
333	154	452	331	22	378	169	499	0	672
693	543	600	355	661	443	529	1171	672	0
1	6	4	9	8	2	3	0	7	5
3098
238	301
380	522
678	896
364	760
532	491
507	848
366	530
876	115
525	470
83	977
