7034
10
0	206	314	260	235	258	37	422	563	540
206	0	418	65	344	375	242	580	524	745
314	418	0	428	80	56	311	197	364	511
260	65	428	0	360	391	297	603	485	793
235	344	80	360	0	30	235	245	390	512
258	375	56	391	30	0	255	215	395	494
37	242	311	297	235	255	0	403	582	504
422	580	197	603	245	215	403	0	529	357
563	524	364	485	390	395	582	529	0	872
540	745	511	793	512	494	504	357	872	0
1	3	7	8	5	2	0	9	4	6
2327
114	457
21	273
422	394
35	209
342	398
369	413
126	492
523	564
489	36
416	905
