1634
10
0	580	886	525	712	757	687	293	830	105
580	0	1164	962	482	1015	756	411	699	475
886	1164	0	418	823	148	455	788	686	908
525	962	418	0	797	340	517	550	770	580
712	482	823	797	0	687	367	418	220	632
757	1015	148	340	687	0	324	641	571	771
687	756	455	517	367	324	0	460	260	656
293	411	788	550	418	641	460	0	550	219
830	699	686	770	220	571	260	550	0	770
105	475	908	580	632	771	656	219	770	0
1	4	8	6	5	2	3	0	9	7
3112
406	104
981	182
91	933
78	515
864	650
201	833
521	782
596	328
772	850
509	126
