2770
10
0	658	501	671	250	173	499	203	347	553
658	0	441	909	902	831	899	539	523	814
501	441	0	469	731	648	492	536	630	380
671	909	469	0	785	719	226	823	959	120
250	902	731	785	0	82	571	391	502	682
173	831	648	719	82	0	512	339	464	612
499	899	492	226	571	512	0	680	825	165
203	539	536	823	391	339	680	0	146	702
347	523	630	959	502	464	825	146	0	839
553	814	380	120	682	612	165	702	839	0
1	8	7	0	5	4	6	3	9	2
2865
348	553
806	80
848	519
859	988
135	684
216	666
634	963
339	350
299	209
784	894
