1784
10
0	615	278	420	698	157	536	651	496	693
615	0	722	579	300	551	287	94	712	405
278	722	0	255	684	430	743	722	260	631
420	579	255	0	459	525	697	550	135	386
698	300	684	459	0	701	572	211	567	121
157	551	430	525	701	0	409	607	622	723
536	287	743	697	572	409	0	380	829	658
651	94	722	550	211	607	380	0	678	322
496	712	260	135	567	622	829	678	0	477
693	405	631	386	121	723	658	322	477	0
5	7	0	8	9	6	1	4	2	3
2338
649	786
311	272
450	981
233	846
52	424
718	644
598	252
220	296
190	974
3	535
