3844
10
0	469	506	243	205	439	231	851	660	621
469	0	64	699	650	640	411	649	191	193
506	64	0	728	677	631	469	591	166	131
243	699	728	0	55	411	448	953	889	831
205	650	677	55	0	368	424	899	839	778
439	640	631	411	368	0	651	590	791	676
231	411	469	448	424	651	0	956	585	599
851	649	591	953	899	590	956	0	653	511
660	191	166	889	839	791	585	653	0	146
621	193	131	831	778	676	599	511	146	0
3	6	1	4	5	7	0	9	2	8
2785
332	318
256	781
304	824
463	113
473	168
765	392
114	395
877	972
224	970
367	939
