4074
10
0	679	788	189	864	442	924	934	707	922
679	0	891	634	357	698	595	258	262	360
788	891	0	599	719	345	522	1013	666	799
189	634	599	0	743	254	763	873	592	810
864	357	719	743	0	675	271	322	158	81
442	698	345	254	675	0	607	892	555	754
924	595	522	763	271	607	0	592	336	331
934	258	1013	873	322	892	592	0	350	266
707	262	666	592	158	555	336	350	0	218
922	360	799	810	81	754	331	266	218	0
1	0	3	5	2	6	8	4	9	7
3088
946	844
280	980
586	143
842	685
99	672
738	453
133	403
22	985
250	719
32	719
