1798
10
0	845	429	796	176	441	202	1171	586	760
845	0	650	127	853	589	697	627	794	86
429	650	0	549	308	62	233	773	206	586
796	127	549	0	779	488	628	538	677	131
176	853	308	779	0	341	156	1080	428	773
441	589	62	488	341	0	239	739	252	524
202	697	233	628	156	239	0	970	415	617
1171	627	773	538	1080	739	970	0	751	667
586	794	206	677	428	252	415	751	0	743
760	86	586	131	773	524	617	667	743	0
4	9	8	1	6	2	5	3	7	0
3101
835	62
649	887
457	265
551	806
661	34
479	323
678	190
22	905
263	193
682	807
