8198
10
0	237	498	879	908	943	969	937	488	34
237	0	275	686	671	760	831	761	257	225
498	275	0	424	429	506	622	513	208	477
879	686	424	0	427	89	296	112	601	851
908	671	429	427	0	504	724	535	446	892
943	760	506	89	504	0	229	35	688	914
969	831	622	296	724	229	0	194	826	937
937	761	513	112	535	35	194	0	700	907
488	257	208	601	446	688	826	700	0	480
34	225	477	851	892	914	937	907	480	0
1	8	4	3	5	7	6	2	9	0
2818
75	13
287	120
450	342
545	756
861	468
524	843
321	951
490	854
542	155
74	47
