1362
10
0	371	826	505	733	191	517	808	354	628
371	0	1018	873	991	367	849	1052	306	567
826	1018	0	712	207	682	497	156	722	612
505	873	712	0	521	558	215	602	747	911
733	991	207	521	0	628	311	84	723	698
191	367	682	558	628	0	491	694	196	442
517	849	497	215	311	491	0	394	654	757
808	1052	156	602	84	694	394	0	774	718
354	306	722	747	723	196	654	774	0	295
628	567	612	911	698	442	757	718	295	0
1	8	9	2	7	4	6	3	0	5
3042
291	579
376	941
978	120
267	74
787	39
482	589
481	98
866	10
607	740
902	728
