3075
10
0	917	814	533	263	824	551	351	396	147
917	0	104	418	801	222	392	934	599	853
814	104	0	328	698	205	289	833	496	749
533	418	328	0	507	290	238	666	358	512
263	801	698	507	0	772	408	161	204	116
824	222	205	290	772	0	398	924	591	794
551	392	289	238	408	398	0	544	207	467
351	934	833	666	161	924	544	0	338	221
396	599	496	358	204	591	207	338	0	281
147	853	749	512	116	794	467	221	281	0
1	5	3	0	9	7	4	8	6	2
2378
966	423
108	747
199	696
526	724
752	270
283	884
421	510
796	115
573	369
852	329
