3480
10
0	401	913	426	408	225	714	534	899	449
401	0	756	244	648	549	488	133	737	464
913	756	0	535	734	844	276	727	19	481
426	244	535	0	493	467	295	284	518	241
408	648	734	493	0	196	658	748	727	299
225	549	844	467	196	0	705	669	833	364
714	488	276	295	658	705	0	450	256	360
534	133	727	284	748	669	450	0	707	525
899	737	19	518	727	833	256	707	0	469
449	464	481	241	299	364	360	525	469	0
5	0	8	7	9	4	3	1	6	2
2589
998	377
733	679
89	282
585	485
780	32
925	164
290	472
632	766
102	297
569	244
