1496
10
0	424	575	555	1233	489	684	796	800	614
424	0	436	267	809	312	269	549	424	278
575	436	0	702	986	742	603	979	411	700
555	267	702	0	766	123	252	283	588	75
1233	809	986	766	0	888	554	778	578	691
489	312	742	123	888	0	371	307	687	197
684	269	603	252	554	371	0	436	364	189
796	549	979	283	778	307	436	0	801	281
800	424	411	588	578	687	364	801	0	542
614	278	700	75	691	197	189	281	542	0
1	5	0	9	8	7	4	3	2	6
3708
98	83
419	361
668	3
300	601
990	935
182	565
552	595
214	871
843	375
367	635
