2660
10
0	409	881	743	256	431	818	921	842	292
409	0	739	407	177	268	455	798	465	571
881	739	0	467	840	496	537	65	586	734
743	407	467	0	572	335	98	532	144	766
256	177	840	572	0	344	629	893	641	484
431	268	496	335	344	0	426	549	462	433
818	455	537	98	629	426	0	602	50	859
921	798	65	532	893	549	602	0	650	756
842	465	586	144	641	462	50	650	0	895
292	571	734	766	484	433	859	756	895	0
1	8	6	3	2	7	5	9	0	4
2852
583	916
289	631
746	50
312	224
357	795
517	490
224	180
805	22
174	180
841	778
