1026
10
0	827	414	216	623	956	733	663	775	831
827	0	456	789	415	343	691	178	752	515
414	456	0	333	228	542	448	334	509	685
216	789	333	0	489	839	535	653	571	923
623	415	228	489	0	351	291	385	355	804
956	343	542	839	351	0	506	463	552	857
733	691	448	535	291	506	0	676	64	1092
663	178	334	653	385	463	676	0	740	427
775	752	509	571	355	552	64	740	0	1157
831	515	685	923	804	857	1092	427	1157	0
3	7	4	2	6	1	8	9	5	0
3463
869	859
248	312
664	499
956	661
661	271
420	15
914	127
331	470
967	90
41	784
