2795
10
0	300	532	726	933	671	80	391	184	32
300	0	766	475	814	613	256	530	131	286
532	766	0	1008	937	665	526	292	693	564
726	475	1008	0	494	475	653	716	598	725
933	814	937	494	0	283	853	689	894	949
671	613	665	475	283	0	594	406	665	691
80	256	526	653	853	594	0	344	166	97
391	530	292	716	689	406	344	0	494	422
184	131	693	598	894	665	166	494	0	163
32	286	564	725	949	691	97	422	163	0
1	8	9	0	6	2	7	5	4	3
2882
460	21
209	187
975	157
94	648
482	954
568	684
451	101
725	309
286	81
431	6
