2880
10
0	818	430	918	675	427	347	247	748	950
818	0	543	161	181	805	877	707	316	140
430	543	0	691	363	262	692	209	652	682
918	161	691	0	336	954	921	838	268	94
675	181	363	336	0	624	793	536	391	319
427	805	262	954	624	0	764	206	899	943
347	877	692	921	793	764	0	565	680	983
247	707	209	838	536	206	565	0	738	846
748	316	652	268	391	899	680	738	0	353
950	140	682	94	319	943	983	846	353	0
1	9	3	8	6	0	7	5	2	4
2788
616	48
336	817
253	280
431	948
293	641
189	25
938	179
377	111
652	796
337	957
