3758
10
0	710	511	592	575	742	667	238	946	391
710	0	614	696	1093	755	347	697	956	654
511	614	0	100	533	237	328	700	455	796
592	696	100	0	514	150	384	792	359	894
575	1093	533	514	0	611	859	808	698	966
742	755	237	150	611	0	414	937	222	1031
667	347	328	384	859	414	0	768	609	800
238	697	700	792	808	937	768	0	1151	165
946	956	455	359	698	222	609	1151	0	1251
391	654	796	894	966	1031	800	165	1251	0
7	6	3	5	0	8	2	9	4	1
3477
194	413
802	45
652	641
693	733
245	986
828	800
861	387
119	187
943	991
148	24
