2093
10
0	416	558	326	572	688	455	629	887	537
416	0	195	212	925	992	627	276	697	491
558	195	0	408	988	1023	628	80	527	414
326	212	408	0	894	995	687	489	893	632
572	925	988	894	0	174	416	1030	1038	696
688	992	1023	995	174	0	402	1053	981	675
455	627	628	687	416	402	0	652	626	281
629	276	80	489	1030	1053	652	0	467	413
887	697	527	893	1038	981	626	467	0	371
537	491	414	632	696	675	281	413	371	0
1	2	7	8	9	6	5	4	0	3
3080
688	867
928	526
870	339
985	731
130	995
0	878
307	618
853	260
458	10
458	381
