7575
10
0	478	613	320	685	784	597	450	399	727
478	0	898	562	759	332	123	171	451	658
613	898	0	342	351	1061	972	755	462	553
320	562	342	0	370	767	647	435	179	457
685	759	351	370	0	818	793	590	329	213
784	332	1061	767	818	0	214	346	604	644
597	123	972	647	793	214	0	217	513	662
450	171	755	435	590	346	217	0	295	489
399	451	462	179	329	604	513	295	0	328
727	658	553	457	213	644	662	489	328	0
3	0	4	2	9	6	1	5	7	8
3010
96	361
552	216
70	974
208	661
421	964
877	284
675	212
546	387
386	636
614	872
