4322
10
0	207	436	453	28	534	557	463	376	364
207	0	245	510	178	551	358	292	488	565
436	245	0	553	408	540	126	329	593	800
453	510	553	0	454	118	660	793	143	648
28	178	408	454	0	530	529	439	385	392
534	551	540	118	530	0	632	816	262	762
557	358	126	660	529	632	0	350	713	921
463	292	329	793	439	816	350	0	780	768
376	488	593	143	385	262	713	780	0	512
364	565	800	648	392	762	921	768	512	0
4	7	5	8	1	3	2	6	9	0
2651
330	438
441	613
660	723
697	171
347	461
811	204
726	831
382	899
557	138
49	206
