7947
10
0	380	84	349	773	774	97	356	391	466
380	0	407	255	484	867	337	477	772	159
84	407	0	317	752	692	178	279	379	514
349	255	317	0	434	611	374	240	690	415
773	484	752	434	0	779	774	611	1124	583
774	867	692	611	779	0	858	428	851	1027
97	337	178	374	774	858	0	432	455	394
356	477	279	240	611	428	432	0	562	630
391	772	379	690	1124	851	455	562	0	848
466	159	514	415	583	1027	394	630	848	0
6	4	0	7	3	8	9	5	2	1
3550
476	186
128	341
526	254
327	502
24	814
800	890
394	134
566	531
839	39
12	231
