7598
10
0	717	196	955	811	618	742	716	640	1097
717	0	625	405	94	102	53	514	715	452
196	625	0	933	715	538	638	526	447	952
955	405	933	0	384	434	441	919	1114	694
811	94	715	384	0	196	81	549	770	381
618	102	538	434	196	0	142	511	682	545
742	53	638	441	81	142	0	480	693	403
716	514	526	919	549	511	480	0	261	553
640	715	447	1114	770	682	693	261	0	814
1097	452	952	694	381	545	403	553	814	0
1	5	0	2	8	7	9	3	4	6
3389
23	817
698	573
75	628
977	867
784	534
613	630
704	520
360	185
99	181
913	175
