8848
10
0	768	706	721	848	939	884	383	639	931
768	0	76	227	146	725	813	384	247	973
706	76	0	171	216	672	751	324	175	907
721	227	171	0	372	501	586	370	82	748
848	146	216	372	0	866	959	474	391	1120
939	725	672	501	866	0	160	742	519	327
884	813	751	586	959	160	0	753	582	175
383	384	324	370	474	742	753	0	293	867
639	247	175	82	391	519	582	293	0	735
931	973	907	748	1120	327	175	867	735	0
1	2	8	3	5	6	9	0	7	4
3103
794	36
134	429
210	434
311	572
8	355
628	961
783	920
467	236
367	512
955	953
