6306
10
0	578	337	143	736	325	680	233	351	157
578	0	884	687	272	270	222	778	743	731
337	884	0	332	1068	654	1011	329	265	256
143	687	332	0	808	420	756	94	442	76
736	272	1068	808	0	414	58	887	973	869
325	270	654	420	414	0	357	509	575	470
680	222	1011	756	58	357	0	837	914	815
233	778	329	94	887	509	837	0	492	102
351	743	265	442	973	575	914	492	0	390
157	731	256	76	869	470	815	102	390	0
1	4	6	5	0	3	7	9	2	8
2615
684	543
108	592
957	345
794	635
14	848
374	642
58	809
883	666
737	196
839	573
