5531
10
0	601	643	398	343	893	247	603	978	658
601	0	453	565	388	391	437	550	656	297
643	453	0	315	302	382	654	135	335	178
398	565	315	0	186	670	518	224	635	425
343	388	302	186	0	573	372	293	635	326
893	391	382	670	573	0	796	516	343	249
247	437	654	518	372	796	0	665	966	601
603	550	135	224	293	516	665	0	415	305
978	656	335	635	635	343	966	415	0	376
658	297	178	425	326	249	601	305	376	0
4	6	8	7	3	9	0	2	5	1
2796
7	415
571	623
602	171
289	133
335	314
900	410
134	628
506	76
921	67
661	339
