6542
10
0	828	380	405	130	772	668	416	535	214
828	0	450	524	697	76	378	780	610	872
380	450	0	235	249	399	391	428	369	439
405	524	235	0	301	452	266	628	603	558
130	697	249	301	0	642	555	387	455	259
772	76	399	452	642	0	304	759	604	832
668	378	391	266	555	304	0	819	733	801
416	780	428	628	387	759	819	0	210	242
535	610	369	603	455	604	733	210	0	420
214	872	439	558	259	832	801	242	420	0
9	5	4	2	0	6	3	8	1	7
2536
902	233
114	490
549	374
507	142
778	275
153	424
241	133
878	649
680	720
985	431
