7617
10
0	360	593	585	539	757	781	417	158	555
360	0	783	325	524	946	564	459	513	515
593	783	0	745	392	167	770	354	515	427
585	325	745	0	371	883	241	395	702	343
539	524	392	371	0	515	382	127	573	36
757	946	167	883	515	0	874	504	669	548
781	564	770	241	382	874	0	472	872	345
417	459	354	395	127	504	472	0	445	152
158	513	515	702	573	669	872	445	0	597
555	515	427	343	36	548	345	152	597	0
1	3	8	6	7	2	9	5	0	4
2778
499	128
851	205
199	640
935	519
591	660
86	763
960	759
540	543
341	144
626	669
