5905
10
0	295	341	376	469	243	229	191	344	438
295	0	636	611	716	523	297	319	99	640
341	636	0	329	344	190	464	436	683	425
376	611	329	0	106	174	598	298	609	96
469	716	344	106	0	241	682	405	715	142
243	523	190	174	241	0	443	263	547	265
229	297	464	598	682	443	0	403	391	666
191	319	436	298	405	263	403	0	310	321
344	99	683	609	715	547	391	310	0	623
438	640	425	96	142	265	666	321	623	0
6	8	0	5	3	2	1	9	7	4
2209
356	507
634	606
25	421
220	156
133	94
191	328
366	736
454	342
700	531
274	76
