1724
10
0	895	732	455	996	840	880	533	1005	269
895	0	348	687	133	204	102	362	442	652
732	348	0	386	360	162	260	315	280	568
455	687	386	0	735	541	623	419	611	444
996	133	360	735	0	198	117	469	361	765
840	204	162	541	198	0	105	346	266	637
880	102	260	623	117	105	0	357	344	654
533	362	315	419	469	346	357	0	581	297
1005	442	280	611	361	266	344	581	0	848
269	652	568	444	765	637	654	297	848	0
9	4	3	0	6	8	5	1	2	7
2670
984	66
348	697
309	351
530	34
215	699
269	508
293	611
610	446
31	388
876	313
