7308
10
0	606	1083	1308	695	980	955	726	915	280
606	0	528	706	411	524	390	264	621	429
1083	528	0	489	855	772	530	362	988	953
1308	706	489	0	797	551	388	721	806	1089
695	411	855	797	0	310	413	672	236	416
980	524	772	551	310	0	242	731	255	708
955	390	530	388	413	242	0	532	474	714
726	264	362	721	672	731	532	0	871	634
915	621	988	806	236	255	474	871	0	634
280	429	953	1089	416	708	714	634	634	0
9	0	7	2	8	6	3	1	5	4
3538
6	958
471	569
997	520
933	35
175	283
382	52
579	194
691	715
127	51
57	682
