5330
10
0	868	303	877	1001	499	678	877	681	791
868	0	571	947	247	422	350	19	388	369
303	571	0	750	698	271	387	579	468	504
877	947	750	0	845	961	606	938	1123	584
1001	247	698	845	0	627	350	227	630	284
499	422	271	961	627	0	438	437	197	547
678	350	387	606	350	438	0	345	550	119
877	19	579	938	227	437	345	0	407	357
681	388	468	1123	630	197	550	407	0	638
791	369	504	584	284	547	119	357	638	0
1	8	5	2	0	3	6	9	4	7
3291
5	674
600	42
248	492
835	960
836	115
218	222
622	392
619	47
212	25
741	383
