4917
10
0	746	740	911	1078	1230	585	314	697	597
746	0	480	479	401	544	421	701	226	664
740	480	0	192	494	617	788	500	668	274
911	479	192	0	341	442	858	690	698	460
1078	401	494	341	0	152	819	934	611	766
1230	544	617	442	152	0	957	1078	745	892
585	421	788	858	819	957	0	727	215	852
314	701	500	690	934	1078	727	0	750	295
697	226	668	698	611	745	215	750	0	798
597	664	274	460	766	892	852	295	798	0
1	8	6	0	7	9	2	3	5	4
3096
920	82
261	433
616	757
460	869
124	810
21	922
338	19
961	394
234	208
879	678
