3670
10
0	99	318	352	254	422	233	545	519	530
99	0	390	452	344	485	321	589	541	570
318	390	0	279	372	592	113	266	768	743
352	452	279	0	189	371	202	527	590	534
254	344	372	189	0	219	260	639	411	372
422	485	592	371	219	0	480	858	234	163
233	321	113	202	260	480	0	379	655	630
545	589	266	527	639	858	379	0	1030	1009
519	541	768	590	411	234	655	1030	0	105
530	570	743	534	372	163	630	1009	105	0
1	8	7	6	3	4	2	0	9	5
2442
770	604
851	662
742	287
485	396
516	583
374	751
687	386
904	75
414	982
337	910
