7731
10
0	255	343	432	333	739	432	110	217	101
255	0	244	352	129	486	287	247	359	153
343	244	0	108	145	590	529	408	275	284
432	352	108	0	242	649	634	508	315	386
333	129	145	242	0	466	394	358	358	242
739	486	590	649	466	0	447	703	822	638
432	287	529	634	394	447	0	345	612	358
110	247	408	508	358	703	345	0	327	124
217	359	275	315	358	822	612	327	0	256
101	153	284	386	242	638	358	124	256	0
8	9	4	2	5	6	1	0	3	7
2372
403	788
600	626
745	823
821	900
718	680
918	258
483	363
360	686
515	975
479	721
