884
10
0	321	324	672	431	72	698	97	415	290
321	0	223	949	434	378	1019	417	732	597
324	223	0	808	212	396	969	411	718	518
672	949	808	0	694	661	440	610	510	394
431	434	212	694	0	496	947	489	746	505
72	378	396	661	496	0	645	51	354	269
698	1019	969	440	947	645	0	602	304	452
97	417	411	610	489	51	602	0	317	217
415	732	718	510	746	354	304	317	0	253
290	597	518	394	505	269	452	217	253	0
1	0	5	7	9	8	6	3	4	2
2787
470	707
239	930
146	727
577	43
78	526
542	704
977	227
551	653
824	490
576	437
