4528
10
0	292	408	570	504	523	804	849	697	800
292	0	503	698	657	650	840	900	530	794
408	503	0	196	172	149	397	440	504	409
570	698	196	0	80	49	306	319	632	374
504	657	172	80	0	58	383	399	656	444
523	650	149	49	58	0	330	352	607	386
804	840	397	306	383	330	0	71	549	119
849	900	440	319	399	352	71	0	620	184
697	530	504	632	656	607	549	620	0	444
800	794	409	374	444	386	119	184	444	0
1	8	9	6	7	3	5	4	2	0
2462
262	182
25	353
502	513
694	555
671	478
650	533
694	861
765	866
145	870
587	914
