5108
10
0	649	741	589	557	71	440	649	450	1014
649	0	833	114	648	581	763	837	891	414
741	833	0	884	209	747	329	124	443	904
589	114	884	0	687	518	770	872	885	524
557	648	209	687	0	553	224	189	378	790
71	581	747	518	553	0	464	664	495	955
440	763	329	770	224	464	0	218	156	981
649	837	124	872	189	664	218	0	320	962
450	891	443	885	378	495	156	320	0	1133
1014	414	904	524	790	955	981	962	1133	0
5	9	7	1	2	3	8	6	0	4
3064
34	530
570	164
610	997
462	125
516	810
77	473
302	879
486	997
168	960
984	173
