5380
10
0	718	314	365	504	512	147	54	488	700
718	0	988	910	626	308	634	664	857	642
314	988	0	202	804	820	354	352	725	765
365	910	202	0	865	803	318	376	842	581
504	626	804	865	0	319	568	489	256	1006
512	308	820	803	319	0	487	468	549	759
147	634	354	318	568	487	0	108	606	553
54	664	352	376	489	468	108	0	501	659
488	857	725	842	256	549	606	501	0	1126
700	642	765	581	1006	759	553	659	1126	0
7	5	3	9	8	4	2	6	0	1
3312
774	471
113	752
933	200
754	106
700	970
411	833
643	404
720	481
953	925
173	112
