1477
10
0	594	339	506	304	408	587	554	369	440
594	0	269	1077	882	343	117	689	609	731
339	269	0	808	615	164	302	500	373	495
506	1077	808	0	202	802	1088	701	583	530
304	882	615	202	0	628	888	600	448	434
408	343	164	802	628	0	418	353	270	390
587	117	302	1088	888	418	0	772	670	793
554	689	500	701	600	353	772	0	184	171
369	609	373	583	448	270	670	184	0	122
440	731	495	530	434	390	793	171	122	0
1	5	8	7	9	3	4	0	2	6
2762
625	639
66	840
290	691
993	291
849	433
229	538
122	943
299	191
411	338
466	228
