6599
10
0	316	477	309	397	169	463	628	347	442
316	0	368	136	480	284	584	557	482	131
477	368	0	237	262	568	357	189	323	431
309	136	237	0	354	349	460	425	368	236
397	480	262	354	0	548	107	296	78	590
169	284	568	349	548	0	625	741	507	381
463	584	357	460	107	625	0	345	117	697
628	557	189	425	296	741	345	0	375	616
347	482	323	368	78	507	117	375	0	601
442	131	431	236	590	381	697	616	601	0
1	3	2	7	4	6	8	0	5	9
2110
527	137
793	308
583	611
691	399
349	492
673	50
242	503
470	763
323	418
920	341
