6164
10
0	973	373	787	170	192	413	400	978	575
973	0	669	272	825	855	712	629	387	470
373	669	0	439	202	375	447	39	800	215
787	272	439	0	623	712	636	402	574	224
170	825	202	623	0	220	382	230	878	407
192	855	375	712	220	0	223	385	807	530
413	712	447	636	382	223	0	436	598	513
400	629	39	402	230	385	436	0	764	179
978	387	800	574	878	807	598	764	0	673
575	470	215	224	407	530	513	179	673	0
1	8	6	5	0	4	2	7	9	3
2486
10	678
972	529
307	452
741	385
148	578
160	798
361	896
346	460
959	916
518	407
