5990
10
0	784	832	74	190	794	186	771	824	337
784	0	756	773	722	655	600	1189	796	790
832	756	0	764	644	101	716	604	52	538
74	773	764	0	120	730	175	702	754	263
190	722	644	120	0	611	174	625	634	160
794	655	101	730	611	0	661	670	147	527
186	600	716	175	174	661	0	795	718	323
771	1189	604	702	625	670	795	0	553	472
824	796	52	754	634	147	718	553	0	517
337	790	538	263	160	527	323	472	517	0
3	6	5	4	9	1	0	8	2	7
2973
846	847
897	64
190	334
774	828
680	753
281	289
828	661
79	928
166	381
520	759
