530
10
0	773	1185	986	634	605	822	790	306	372
773	0	863	468	387	666	971	594	886	766
1185	863	0	409	606	596	603	396	1039	875
986	468	409	0	352	538	740	327	948	783
634	387	606	352	0	283	583	239	611	455
605	666	596	538	283	0	315	230	446	279
822	971	603	740	583	315	0	421	565	449
790	594	396	327	239	230	421	0	673	504
306	886	1039	948	611	446	565	673	0	168
372	766	875	783	455	279	449	504	168	0
8	4	3	1	0	7	5	2	9	6
3762
939	859
168	916
64	59
34	467
367	584
566	382
667	83
338	346
978	555
816	507
