8365
10
0	535	322	830	994	785	772	644	204	663
535	0	212	582	470	453	294	222	426	136
322	212	0	632	674	540	466	349	245	344
830	582	632	0	585	152	399	369	863	635
994	470	674	585	0	445	249	381	896	376
785	453	540	152	445	0	247	231	782	490
772	294	466	399	249	247	0	135	705	273
644	222	349	369	381	231	135	0	594	268
204	426	245	863	896	782	705	594	0	533
663	136	344	635	376	490	273	268	533	0
1	9	4	6	7	5	3	0	8	2
2770
483	38
714	521
614	333
217	825
780	987
369	815
616	799
556	678
679	96
816	612
