6482
10
0	749	680	873	294	732	321	804	163	884
749	0	523	829	912	38	857	845	818	242
680	523	0	311	653	545	565	322	634	432
873	829	311	0	739	853	648	100	775	697
294	912	653	739	0	906	92	650	132	982
732	38	545	853	906	0	854	866	808	280
321	857	565	648	92	854	0	560	164	910
804	845	322	100	650	866	560	0	695	739
163	818	634	775	132	808	164	695	0	914
884	242	432	697	982	280	910	739	914	0
1	5	0	8	4	6	7	3	2	9
2802
621	944
147	364
661	265
943	132
906	871
132	399
897	779
981	225
775	889
246	143
