7051
10
0	687	686	860	613	233	734	516	546	733
687	0	28	276	119	644	148	805	318	266
686	28	0	253	99	653	176	786	296	294
860	276	253	0	265	874	398	807	339	525
613	119	99	265	0	609	259	687	199	363
233	644	653	874	609	0	642	731	618	604
734	148	176	398	259	642	0	927	456	126
516	805	786	807	687	731	927	0	497	993
546	318	296	339	199	618	456	497	0	550
733	266	294	525	363	604	126	993	550	0
7	6	1	4	2	0	9	8	3	5
2855
435	17
475	703
503	700
722	828
559	618
221	111
332	744
950	53
711	489
209	715
