287
10
0	434	414	184	301	338	296	439	765	558
434	0	806	399	657	150	187	45	955	906
414	806	0	580	514	742	628	824	1007	662
184	399	580	0	258	259	341	385	623	506
301	657	514	258	0	518	571	644	503	260
338	150	742	259	518	0	209	127	806	761
296	187	628	341	571	209	0	218	957	831
439	45	824	385	644	127	218	0	922	888
765	955	1007	623	503	806	957	922	0	391
558	906	662	506	260	761	831	888	391	0
6	7	0	8	2	3	1	5	9	4
3116
418	338
100	42
829	388
249	413
379	637
113	192
285	73
67	73
24	994
403	896
