7124
10
0	695	244	427	551	349	815	617	684	548
695	0	463	907	396	474	133	527	508	548
244	463	0	589	331	281	576	545	484	498
427	907	589	0	920	433	1041	536	1073	460
551	396	331	920	0	560	437	765	162	745
349	474	281	433	560	0	607	277	722	219
815	133	576	1041	437	607	0	646	512	674
617	527	545	536	765	277	646	0	923	79
684	508	484	1073	162	722	512	923	0	906
548	548	498	460	745	219	674	79	906	0
3	6	0	5	2	9	8	1	4	7
3067
858	449
171	557
634	547
906	24
459	829
554	277
65	638
371	69
438	990
449	84
