2353
10
0	153	613	724	590	904	798	975	986	736
153	0	525	654	437	830	673	869	894	777
613	525	0	152	459	309	272	370	372	593
724	654	152	0	607	180	343	330	286	525
590	437	459	607	0	725	395	638	716	990
904	830	309	180	725	0	380	240	144	618
798	673	272	343	395	380	0	243	331	855
975	869	370	330	638	240	243	0	118	841
986	894	372	286	716	144	331	118	0	761
736	777	593	525	990	618	855	841	761	0
1	4	6	7	8	5	3	2	9	0
3151
89	766
242	779
533	342
528	190
679	778
645	53
799	401
858	165
788	70
27	32
