1338
10
0	390	713	719	173	518	145	510	481	606
390	0	624	865	561	597	320	213	221	613
713	624	0	456	834	286	780	442	844	169
719	865	456	0	747	271	848	768	1070	313
173	561	834	747	0	599	273	680	627	704
518	597	286	271	599	0	625	499	807	120
145	320	780	848	273	625	0	491	354	697
510	213	442	768	680	499	491	0	417	476
481	221	844	1070	627	807	354	417	0	832
606	613	169	313	704	120	697	476	832	0
4	8	7	5	3	9	0	1	6	2
2855
656	212
274	292
444	893
900	889
816	146
680	730
544	119
236	502
191	87
595	815
