4968
10
0	521	439	399	615	445	378	392	413	507
521	0	326	740	586	76	634	817	929	966
439	326	0	800	270	297	347	825	830	947
399	740	800	0	1008	673	771	136	416	282
615	586	270	1008	0	566	325	1005	938	1103
445	76	297	673	566	0	578	745	853	893
378	634	347	771	325	578	0	736	624	810
392	817	825	136	1005	745	736	0	288	157
413	929	830	416	938	853	624	288	0	240
507	966	947	282	1103	893	810	157	240	0
6	5	1	7	2	3	4	9	0	8
2994
487	479
966	274
911	596
233	171
970	860
894	299
647	822
149	279
81	559
1	332
