765
10
0	428	813	444	564	358	755	404	316	630
428	0	512	388	336	113	612	443	112	381
813	512	0	900	814	622	289	954	577	186
444	388	900	0	185	284	982	93	354	765
564	336	814	185	0	275	948	279	360	710
358	113	622	284	275	0	699	331	84	480
755	612	289	982	948	699	0	1012	628	248
404	443	954	93	279	331	1012	0	387	808
316	112	577	354	360	84	628	387	0	421
630	381	186	765	710	480	248	808	421	0
6	8	9	7	3	4	2	0	5	1
2764
552	136
634	557
243	888
951	332
968	517
698	463
35	687
943	239
615	446
283	706
