5045
10
0	220	363	632	238	73	145	388	361	658
220	0	143	423	108	204	92	609	344	475
363	143	0	299	189	340	228	752	398	383
632	423	299	0	402	626	515	1012	686	151
238	108	189	402	0	254	168	609	448	420
73	204	340	626	254	0	113	423	287	669
145	92	228	515	168	113	0	529	290	565
388	609	752	1012	609	423	529	0	625	1016
361	344	398	686	448	287	290	625	0	781
658	475	383	151	420	669	565	1016	781	0
1	4	9	3	2	8	7	0	5	6
2667
404	347
622	383
764	400
981	607
596	488
443	285
548	327
20	288
594	40
926	748
