3181
10
0	564	582	322	590	691	557	347	461	334
564	0	800	242	527	206	339	911	370	741
582	800	0	648	344	767	1005	677	945	291
322	242	648	0	468	384	358	668	314	526
590	527	344	468	0	441	809	835	781	479
691	206	767	384	441	0	544	1029	576	786
557	339	1005	358	809	544	0	868	107	850
347	911	677	668	835	1029	868	0	763	390
461	370	945	314	781	576	107	763	0	768
334	741	291	526	479	786	850	390	768	0
1	5	4	2	9	7	0	3	8	6
3101
646	391
201	738
992	860
399	598
669	981
229	943
89	417
926	186
185	368
925	576
