973
10
0	524	441	613	378	197	457	195	518	57
524	0	438	718	208	720	977	701	409	471
441	438	0	280	246	597	839	506	96	430
613	718	280	0	526	707	898	587	321	625
378	208	246	526	0	573	833	528	249	336
197	720	597	707	573	0	260	125	684	249
457	977	839	898	833	260	0	333	930	507
195	701	506	587	528	125	333	0	598	252
518	409	96	321	249	684	930	598	0	499
57	471	430	625	336	249	507	252	499	0
9	4	3	7	8	0	5	6	2	1
2738
570	505
857	66
419	90
139	68
661	138
486	684
397	929
397	596
453	0
617	472
