6014
10
0	763	350	350	162	691	152	79	214	630
763	0	521	576	606	593	638	791	876	367
350	521	0	61	272	356	198	335	547	574
350	576	61	0	300	341	206	321	557	634
162	606	272	300	0	628	119	214	294	476
691	593	356	341	628	0	547	656	898	819
152	638	198	206	119	547	0	154	351	570
79	791	335	321	214	656	154	0	277	690
214	876	547	557	294	898	351	277	0	654
630	367	574	634	476	819	570	690	654	0
1	9	4	8	0	7	6	2	3	5
2777
857	228
108	376
618	484
666	522
695	223
501	821
745	331
896	297
909	20
255	39
