728
10
0	389	262	270	683	335	466	845	734	819
389	0	138	137	437	183	135	520	358	485
262	138	0	14	538	118	206	648	496	616
270	137	14	0	546	104	196	652	495	618
683	437	538	546	0	619	538	219	325	224
335	183	118	104	619	0	158	698	515	661
466	135	206	196	538	158	0	575	372	535
845	520	648	652	219	698	575	0	233	43
734	358	496	495	325	515	372	233	0	189
819	485	616	618	224	661	535	43	189	0
1	8	9	7	4	0	2	3	5	6
2165
824	158
534	418
662	364
666	378
143	221
709	473
570	549
14	399
198	542
49	425
