7959
10
0	430	282	822	481	239	324	405	316	605
430	0	653	520	224	377	121	509	398	312
282	653	0	907	615	304	571	669	593	877
822	520	907	0	346	620	623	1026	910	766
481	224	615	346	0	311	295	695	576	530
239	377	304	620	311	0	331	601	490	652
324	121	571	623	295	331	0	403	286	321
405	509	669	1026	695	601	403	0	119	433
316	398	593	910	576	490	286	119	0	380
605	312	877	766	530	652	321	433	380	0
1	6	9	7	8	0	2	5	4	3
3073
523	278
532	708
309	94
84	973
308	709
316	398
581	597
917	374
806	419
831	799
