9399
10
0	785	308	721	240	828	616	736	705	417
785	0	1058	278	643	82	654	702	435	376
308	1058	0	1024	426	1089	706	811	877	682
721	278	1024	0	665	360	816	893	649	405
240	643	426	665	0	666	379	500	474	274
828	82	1089	360	666	0	629	664	394	411
616	654	706	816	379	629	0	120	252	446
736	702	811	893	500	664	120	0	270	547
705	435	877	649	474	394	252	270	0	376
417	376	682	405	274	411	446	547	376	0
1	3	9	4	0	2	6	7	8	5
3077
310	229
868	782
9	163
969	522
306	469
845	861
216	838
187	955
455	919
565	559
