5118
10
0	480	607	706	720	812	244	357	941	648
480	0	815	374	494	1031	662	517	987	410
607	815	0	726	604	219	423	305	390	601
706	374	726	0	166	909	784	519	744	126
720	494	604	166	0	768	745	456	579	86
812	1031	219	909	768	0	603	524	356	782
244	662	423	784	745	603	0	293	800	692
357	517	305	519	456	524	293	0	587	412
941	987	390	744	579	356	800	587	0	629
648	410	601	126	86	782	692	412	629	0
6	0	5	1	9	8	7	2	4	3
3062
356	46
836	37
300	651
976	384
892	528
190	841
205	238
457	389
521	973
866	446
