514
10
0	442	985	216	876	724	389	689	809	931
442	0	756	460	722	366	136	434	440	530
985	756	0	814	173	429	674	324	404	478
216	460	814	0	687	634	351	551	716	853
876	722	173	687	0	459	617	301	467	576
724	366	429	634	459	0	340	176	84	221
389	136	674	351	617	340	0	351	424	542
689	434	324	551	301	176	351	0	221	363
809	440	404	716	467	84	424	221	0	145
931	530	478	853	576	221	542	363	145	0
3	6	9	7	2	1	0	4	5	8
2839
48	972
50	530
772	304
262	939
771	477
343	310
166	601
473	429
374	231
344	89
