5013
10
0	24	671	494	288	728	833	988	812	347
24	0	664	515	309	732	844	999	831	352
671	664	0	743	683	325	570	693	828	387
494	515	743	0	207	567	510	634	338	391
288	309	683	207	0	603	628	772	535	295
728	732	325	567	603	0	246	371	540	380
833	844	570	510	628	246	0	156	345	511
988	999	693	634	772	371	156	0	392	668
812	831	828	338	535	540	345	392	0	598
347	352	387	391	295	380	511	668	598	0
1	9	2	5	6	7	8	3	4	0
2715
803	110
827	112
950	765
355	320
537	221
629	817
383	830
282	950
142	583
725	449
