2843
10
0	594	386	891	577	614	926	402	547	495
594	0	764	881	70	165	1066	826	203	733
386	764	0	593	714	694	558	71	614	164
891	881	593	0	810	725	265	643	679	431
577	70	714	810	0	99	997	777	133	673
614	165	694	725	99	0	925	762	80	631
926	1066	558	265	997	925	0	582	864	431
402	826	71	643	777	762	582	0	681	223
547	203	614	679	133	80	864	681	0	554
495	733	164	431	673	631	431	223	554	0
1	4	5	8	3	6	9	2	7	0
2855
705	930
112	889
800	555
451	75
138	823
126	724
707	4
871	563
205	708
688	435
