6777
10
0	752	818	356	590	718	418	803	37	802
752	0	734	409	338	464	458	658	734	485
818	734	0	751	423	269	463	81	835	272
356	409	751	0	372	547	292	703	332	618
590	338	423	372	0	178	181	358	589	246
718	464	269	547	178	0	303	193	724	83
418	458	463	292	181	303	0	423	421	386
803	658	81	703	358	193	423	0	817	191
37	734	835	332	589	724	421	817	0	807
802	485	272	618	246	83	386	191	807	0
1	3	8	0	6	2	7	9	5	4
2530
886	806
417	217
70	864
722	490
354	550
191	623
491	669
83	784
900	771
112	595
