1942
10
0	751	537	440	554	511	584	469	547	311
751	0	758	579	602	239	519	762	528	450
537	758	0	190	166	596	938	955	913	458
440	579	190	0	115	406	756	802	733	278
554	602	166	115	0	467	847	911	826	379
511	239	596	406	467	0	417	590	409	213
584	519	938	756	847	417	0	292	38	480
469	762	955	802	911	590	292	0	262	538
547	528	913	733	826	409	38	262	0	455
311	450	458	278	379	213	480	538	455	0
2	6	4	9	3	1	8	0	7	5
2836
35	487
777	603
296	17
365	195
437	105
541	561
391	951
99	952
360	928
346	473
