7656
10
0	450	283	1004	675	291	865	557	523	201
450	0	176	693	571	551	415	400	133	263
283	176	0	761	525	385	585	366	241	136
1004	693	761	0	442	881	569	461	561	897
675	571	525	442	0	474	732	171	468	648
291	551	385	881	474	0	921	424	556	408
865	415	585	569	732	921	0	599	366	677
557	400	366	461	171	424	599	0	301	496
523	133	241	561	468	556	366	301	0	363
201	263	136	897	648	408	677	496	363	0
1	8	6	3	4	7	5	0	9	2
2909
903	146
706	551
738	377
15	615
233	230
649	2
501	912
375	326
573	553
871	345
