2531
10
0	782	773	651	712	125	361	903	221	569
782	0	126	901	74	892	911	524	737	253
773	126	0	803	159	872	851	398	693	206
651	901	803	0	872	622	341	603	432	663
712	74	159	872	0	824	857	549	678	210
125	892	872	622	824	0	297	959	232	666
361	911	851	341	857	297	0	808	198	658
903	524	398	603	549	959	808	0	732	443
221	737	693	432	678	232	198	732	0	490
569	253	206	663	210	666	658	443	490	0
5	4	1	7	9	8	3	2	6	0
2876
89	682
577	70
663	163
675	966
513	109
73	806
334	948
957	432
299	753
528	319
