7606
10
0	223	343	471	579	517	490	373	419	413
223	0	304	639	692	738	693	439	206	608
343	304	0	478	448	778	597	190	456	739
471	639	478	0	206	485	166	300	844	601
579	692	448	206	0	691	368	262	882	792
517	738	778	485	691	0	335	679	920	237
490	693	597	166	368	335	0	440	899	493
373	439	190	300	262	679	440	0	622	698
419	206	456	844	882	920	899	622	0	760
413	608	739	601	792	237	493	698	760	0
1	8	7	6	3	9	5	4	2	0
2694
468	400
640	258
788	524
458	871
649	950
21	660
292	858
700	693
728	71
55	425
