8069
10
0	875	446	127	911	404	908	746	983	970
875	0	630	839	335	562	795	193	729	97
446	630	0	337	827	107	1054	444	1073	703
127	839	337	0	923	317	982	690	1044	930
911	335	827	923	0	731	491	481	403	379
404	562	107	317	731	0	947	389	966	644
908	795	1054	982	491	947	0	877	140	859
746	193	444	690	481	389	877	0	838	259
983	729	1073	1044	403	966	140	838	0	781
970	97	703	930	379	644	859	259	781	0
1	9	4	8	6	0	3	2	5	7
3080
19	580
845	870
224	977
21	707
930	545
283	887
776	78
668	949
900	143
926	924
