3327
10
0	790	377	922	419	844	349	704	263	797
790	0	415	236	380	362	533	627	543	12
377	415	0	576	45	554	177	506	165	423
922	236	576	0	552	201	727	864	659	224
419	380	45	552	0	545	181	478	210	388
844	362	554	201	545	0	726	945	585	352
349	533	177	727	181	726	0	381	269	543
704	627	506	864	478	945	381	0	643	640
263	543	165	659	210	585	269	643	0	548
797	12	423	224	388	352	543	640	548	0
1	7	6	0	8	2	4	5	3	9
2812
920	249
360	807
678	539
135	733
667	583
124	532
848	591
971	952
688	374
348	804
