780
10
0	389	102	228	666	731	823	399	526	316
389	0	368	280	277	454	472	225	141	177
102	368	0	142	637	653	829	324	493	252
228	280	142	0	526	511	753	182	383	123
666	277	637	526	0	381	305	389	144	404
731	454	653	511	381	0	682	331	363	418
823	472	829	753	305	682	0	659	401	644
399	225	324	182	389	331	659	0	259	92
526	141	493	383	144	363	401	259	0	262
316	177	252	123	404	418	644	92	262	0
2	0	3	9	6	4	8	5	1	7
2407
289	65
441	424
391	59
501	150
563	673
892	479
345	887
621	288
532	532
530	270
