1505
10
0	246	771	326	1012	100	223	264	245	577
246	0	908	285	1046	294	268	487	178	783
771	908	0	662	453	845	994	555	1004	339
326	285	662	0	761	424	495	410	442	625
1012	1046	453	761	0	1107	1225	883	1195	771
100	294	845	424	1107	0	158	307	224	620
223	268	994	495	1225	158	0	465	112	779
264	487	555	410	883	307	465	0	508	315
245	178	1004	442	1195	224	112	508	0	823
577	783	339	625	771	620	779	315	823	0
5	3	9	4	2	6	8	0	1	7
2965
153	697
291	901
534	26
479	686
979	112
56	724
23	879
156	433
117	940
208	122
