4735
10
0	349	952	946	450	457	824	597	520	236
349	0	992	762	236	650	674	323	302	575
952	992	0	610	786	546	523	832	755	902
946	762	610	0	534	802	138	455	463	1045
450	236	786	534	0	554	439	153	73	619
457	650	546	802	554	0	664	688	581	357
824	674	523	138	439	664	0	395	373	911
597	323	832	455	153	688	395	0	107	773
520	302	755	463	73	581	373	107	0	679
236	575	902	1045	619	357	911	773	679	0
1	4	8	7	3	6	2	5	9	0
3020
43	279
140	615
973	75
900	681
374	584
428	32
813	573
446	720
442	613
71	44
