3986
10
0	328	438	375	156	583	566	439	381	411
328	0	269	134	373	407	328	416	708	324
438	269	0	135	554	151	573	197	766	591
375	134	135	0	462	273	441	305	738	458
156	373	554	462	0	705	516	587	411	317
583	407	151	273	705	0	684	235	890	731
566	328	573	441	516	684	0	742	923	228
439	416	197	305	587	235	742	0	682	714
381	708	766	738	411	890	923	682	0	728
411	324	591	458	317	731	228	714	728	0
1	3	2	5	7	8	0	4	9	6
2747
606	527
279	498
284	229
268	364
603	683
212	96
94	770
447	117
987	534
317	820
