5135
10
0	697	560	803	590	683	860	227	857	817
697	0	672	425	460	114	437	558	209	293
560	672	0	438	228	746	496	353	689	559
803	425	438	0	238	538	60	584	319	163
590	460	228	238	0	547	299	363	461	334
683	114	746	538	547	0	551	579	312	408
860	437	496	60	299	551	0	642	302	151
227	558	353	584	363	579	642	0	681	617
857	209	689	319	461	312	302	681	0	156
817	293	559	163	334	408	151	617	156	0
7	5	4	6	3	0	9	2	1	8
2419
953	573
344	233
490	889
150	612
375	692
419	146
93	591
734	633
143	293
145	449
