8976
10
0	623	176	506	401	365	428	602	731	355
623	0	799	936	451	639	761	655	345	810
176	799	0	468	540	441	458	694	889	339
506	936	468	0	891	300	183	450	840	152
401	451	540	891	0	671	772	834	733	739
365	639	441	300	671	0	122	253	554	205
428	761	458	183	772	122	0	289	657	141
602	655	694	450	834	253	289	0	434	426
731	345	889	840	733	554	657	434	0	759
355	810	339	152	739	205	141	426	759	0
1	4	0	2	9	3	6	5	7	8
2856
581	259
918	783
483	112
84	358
975	335
332	527
217	485
263	771
640	988
236	345
