338
10
0	576	741	622	960	240	837	586	436	513
576	0	499	521	458	584	778	162	696	673
741	499	0	160	400	569	308	336	519	425
622	521	160	0	544	426	265	368	358	265
960	458	400	544	0	867	688	376	881	803
240	584	569	426	867	0	610	526	198	273
837	778	308	265	688	610	0	619	462	353
586	162	336	368	376	526	619	0	596	554
436	696	519	358	881	198	462	596	0	110
513	673	425	265	803	273	353	554	110	0
1	7	4	2	3	6	9	8	5	0
2840
856	441
506	899
127	574
234	454
53	968
642	331
34	280
385	790
490	203
385	236
