3732
10
0	1005	521	816	451	493	575	91	119	507
1005	0	517	192	621	561	676	914	1030	803
521	517	0	326	107	47	248	433	579	333
816	192	326	0	431	371	506	724	847	627
451	621	107	431	0	60	188	368	525	240
493	561	47	371	60	0	213	406	559	288
575	676	248	506	188	213	0	506	669	133
91	914	433	724	368	406	506	0	163	454
119	1030	579	847	525	559	669	163	0	614
507	803	333	627	240	288	133	454	614	0
1	3	2	5	4	7	8	0	9	6
2591
766	94
290	980
642	601
407	827
733	544
685	581
884	657
725	176
671	22
973	557
