483
10
0	457	844	924	551	364	262	612	353	223
457	0	1031	638	611	746	326	242	485	301
844	1031	0	906	429	557	732	955	558	1014
924	638	906	0	567	1000	663	396	657	886
551	611	429	567	0	462	349	528	198	656
364	746	557	1000	462	0	433	812	348	582
262	326	732	663	349	433	0	387	173	308
612	242	955	396	528	812	387	0	482	516
353	485	558	657	198	348	173	482	0	468
223	301	1014	886	656	582	308	516	468	0
1	9	0	6	8	5	2	4	3	7
3498
588	76
971	327
4	686
869	957
425	603
239	180
645	332
952	569
494	417
811	72
