9392
10
0	295	318	973	242	862	269	533	659	689
295	0	390	910	503	876	27	427	757	394
318	390	0	662	284	545	369	282	371	685
973	910	662	0	915	245	904	483	506	935
242	503	284	915	0	751	475	565	499	878
862	876	545	245	751	0	863	478	283	1003
269	27	369	904	475	863	0	421	737	420
533	427	282	483	565	478	421	0	466	536
659	757	371	506	499	283	737	466	0	991
689	394	685	935	878	1003	420	536	991	0
1	6	0	4	2	8	5	3	7	9
3134
231	113
521	56
351	408
748	938
85	307
503	932
497	69
627	470
270	771
914	17
