1596
10
0	414	500	256	477	550	537	354	671	602
414	0	869	172	832	420	203	364	393	188
500	869	0	697	55	772	916	601	970	1047
256	172	697	0	660	378	284	245	440	355
477	832	55	660	0	720	870	552	919	1007
550	420	772	378	720	0	276	203	211	479
537	203	916	284	870	276	0	327	190	203
354	364	601	245	552	203	327	0	372	498
671	393	970	440	919	211	190	372	0	362
602	188	1047	355	1007	479	203	498	362	0
1	3	0	2	4	7	5	8	6	9
2530
526	836
793	519
40	954
646	609
53	900
439	292
713	332
429	495
612	170
912	373
