8142
10
0	825	663	711	318	405	678	958	817	902
825	0	621	278	651	486	242	209	551	535
663	621	0	759	759	665	382	831	190	290
711	278	759	0	455	309	406	276	749	762
318	651	759	455	0	164	598	728	857	919
405	486	665	309	164	0	447	573	735	786
678	242	382	406	598	447	0	450	343	362
958	209	831	276	728	573	450	0	756	732
817	551	190	749	857	735	343	756	0	99
902	535	290	762	919	786	362	732	99	0
1	7	3	5	4	0	2	8	9	6
2832
472	144
711	934
130	712
889	720
758	284
741	448
496	822
911	996
161	900
179	998
