282
10
0	703	36	4	499	325	733	278	406	704
703	0	738	706	825	858	170	476	684	696
36	738	0	32	513	326	769	314	428	731
4	706	32	0	501	326	737	282	409	708
499	825	513	501	0	234	745	417	146	333
325	858	326	326	234	0	822	386	243	543
733	170	769	737	745	822	0	469	616	562
278	476	314	282	417	386	469	0	274	487
406	684	428	409	146	243	616	274	0	315
704	696	731	708	333	543	562	487	315	0
1	6	9	8	4	5	2	3	0	7
2543
830	551
176	293
866	555
834	551
606	998
806	876
104	447
553	584
563	858
273	983
