5235
10
0	361	487	234	345	450	51	662	203	346
361	0	770	353	652	107	319	792	177	675
487	770	0	425	623	876	495	1056	667	179
234	353	425	0	567	461	194	891	300	369
345	652	623	567	0	710	395	441	474	444
450	107	876	461	710	0	413	790	250	776
51	319	495	194	395	413	0	696	175	368
662	792	1056	891	441	790	696	0	657	877
203	177	667	300	474	250	175	657	0	544
346	675	179	369	444	776	368	877	544	0
1	5	7	4	9	2	3	6	0	8
3011
471	453
238	177
958	450
584	248
440	797
132	157
465	402
22	940
299	344
805	544
