6696
10
0	789	545	954	1057	430	622	168	918	1079
789	0	404	436	510	468	415	672	204	525
545	404	0	784	876	115	586	383	431	896
954	436	784	0	104	803	336	904	604	126
1057	510	876	104	0	901	438	1008	659	22
430	468	115	803	901	0	561	268	529	921
622	415	586	336	438	561	0	594	619	460
168	672	383	904	1008	268	594	0	777	1030
918	204	431	604	659	529	619	777	0	671
1079	525	896	126	22	921	460	1030	671	0
1	9	4	3	6	0	7	5	2	8
2795
824	99
527	831
884	641
104	725
19	785
882	526
323	469
879	258
643	999
2	799
