8678
10
0	291	719	649	780	226	565	462	683	139
291	0	627	768	654	310	382	708	416	375
719	627	0	503	98	500	286	773	499	652
649	768	503	0	601	468	653	385	895	514
780	654	98	601	0	570	283	868	459	726
226	310	500	468	570	0	399	424	580	158
565	382	286	653	283	399	0	793	243	554
462	708	773	385	868	424	793	0	999	337
683	416	499	895	459	580	243	999	0	716
139	375	652	514	726	158	554	337	716	0
1	8	6	4	2	3	7	9	0	5
2940
808	469
658	719
89	455
340	19
30	534
588	416
279	670
725	14
289	913
733	351
