5198
10
0	1057	877	225	335	545	861	576	400	822
1057	0	305	1137	899	661	201	485	726	237
877	305	0	906	813	640	263	323	639	251
225	1137	906	0	551	727	954	654	577	914
335	899	813	551	0	263	698	492	176	667
545	661	640	727	263	0	468	358	150	444
861	201	263	954	698	468	0	300	524	40
576	485	323	654	492	358	300	0	321	260
400	726	639	577	176	150	524	321	0	492
822	237	251	914	667	444	40	260	492	0
4	2	7	0	8	9	1	3	5	6
2853
894	689
21	92
68	394
819	902
881	354
675	189
207	170
391	407
705	336
231	202
