9578
10
0	458	178	651	219	249	343	680	94	498
458	0	397	288	672	234	124	415	364	598
178	397	0	518	370	272	317	519	164	333
651	288	518	0	869	489	391	165	570	545
219	672	370	869	0	449	553	888	309	633
249	234	272	489	449	0	110	573	157	578
343	124	317	391	553	110	0	492	249	577
680	415	519	165	888	573	492	0	614	443
94	364	164	570	309	157	249	614	0	497
498	598	333	545	633	578	577	443	497	0
1	3	7	9	2	4	0	8	5	6
2303
715	648
416	995
539	617
133	940
898	526
619	878
524	934
51	796
662	726
275	413
