4347
10
0	637	113	261	405	756	650	421	716	851
637	0	523	744	612	188	247	483	634	586
113	523	0	311	381	645	548	360	661	776
261	744	311	0	247	901	664	342	575	757
405	612	381	247	0	793	467	133	331	510
756	188	645	901	793	0	426	667	820	754
650	247	548	664	467	426	0	336	397	341
421	483	360	342	133	667	336	0	300	435
716	634	661	575	331	820	397	300	0	213
851	586	776	757	510	754	341	435	213	0
3	5	0	4	7	2	1	8	9	6
2688
538	96
356	707
502	204
799	109
854	350
175	760
601	743
766	450
988	653
923	856
