1506
10
0	619	201	799	68	584	208	642	371	671
619	0	510	408	553	127	570	470	544	247
201	510	0	611	184	441	347	682	478	633
799	408	611	0	753	306	850	875	886	653
68	553	184	753	0	525	172	582	325	602
584	127	441	306	525	0	581	573	590	370
208	570	347	850	172	581	0	458	165	545
642	470	682	875	582	573	458	0	307	252
371	544	478	886	325	590	165	307	0	448
671	247	633	653	602	370	545	252	448	0
1	5	3	2	0	4	6	8	7	9
2456
880	137
558	666
941	329
864	936
829	183
684	688
674	107
259	303
509	124
344	541
