1148
10
0	292	732	455	402	520	416	425	321	518
292	0	492	562	392	421	626	419	531	235
732	492	0	699	489	352	878	886	1019	448
455	562	699	0	218	348	216	871	741	772
402	392	489	218	0	154	390	765	723	575
520	421	352	348	154	0	541	831	841	548
416	626	878	216	390	541	0	837	630	859
425	419	886	871	765	831	837	0	336	472
321	531	1019	741	723	841	630	336	0	699
518	235	448	772	575	548	859	472	699	0
6	7	9	4	5	2	3	8	0	1
3115
345	659
625	576
871	149
177	236
394	259
519	168
26	391
606	995
270	972
860	597
