3447
10
0	532	521	169	677	717	418	105	194	181
532	0	502	362	642	495	399	595	449	594
521	502	0	442	167	241	126	486	620	411
169	362	442	0	609	598	320	239	178	264
677	642	167	609	0	235	293	630	787	546
717	495	241	598	235	0	301	703	770	637
418	399	126	320	293	301	0	402	498	341
105	595	486	239	630	703	402	0	300	91
194	449	620	178	787	770	498	300	0	367
181	594	411	264	546	637	341	91	367	0
8	5	6	1	2	4	9	0	3	7
2294
737	821
248	611
648	307
585	745
691	145
456	161
602	425
824	761
571	923
839	671
