6547
10
0	27	221	356	461	195	123	558	203	377
27	0	224	360	438	223	110	567	185	401
221	224	0	136	395	288	143	351	397	324
356	360	136	0	437	384	275	224	533	337
461	438	395	437	0	633	349	629	470	719
195	223	288	384	633	0	284	526	366	224
123	110	143	275	349	284	0	495	258	409
558	567	351	224	629	526	495	0	748	376
203	185	397	533	470	366	258	748	0	573
377	401	324	337	719	224	409	376	573	0
1	8	3	7	6	0	2	9	4	5
2329
365	601
375	575
570	686
683	762
737	328
299	785
485	570
797	955
275	419
421	974
