5222
10
0	675	321	289	248	392	464	422	693	347
675	0	667	388	894	563	843	839	200	619
321	667	0	346	532	651	782	742	772	58
289	388	346	0	523	365	587	564	440	321
248	894	532	523	0	467	375	326	875	571
392	563	651	365	467	0	280	283	465	649
464	843	782	587	375	280	0	48	741	799
422	839	742	564	326	283	48	0	748	762
693	200	772	440	875	465	741	748	0	734
347	619	58	321	571	649	799	762	734	0
1	8	5	6	7	4	0	2	9	3
2655
363	870
46	274
49	941
201	630
579	992
551	525
786	679
758	719
228	190
16	893
