5425
10
0	457	249	800	328	418	762	642	657	772
457	0	394	764	546	214	465	754	483	938
249	394	0	555	154	243	546	430	416	591
800	764	555	0	496	555	459	254	304	372
328	546	154	496	0	372	615	314	451	452
418	214	243	555	372	0	350	542	297	729
762	465	546	459	615	350	0	605	189	784
642	754	430	254	314	542	605	0	416	190
657	483	416	304	451	297	189	416	0	599
772	938	591	372	452	729	784	190	599	0
1	5	0	9	2	6	8	4	3	7
2793
884	673
914	216
678	532
159	334
558	630
713	291
493	18
249	572
431	197
112	704
