294
10
0	397	553	241	782	308	245	233	712	891
397	0	813	605	867	303	629	411	1055	990
553	813	0	350	393	521	597	404	320	450
241	605	350	0	666	400	254	255	471	757
782	867	393	666	0	578	917	556	678	123
308	303	521	400	578	0	541	148	792	700
245	629	597	254	917	541	0	430	636	1010
233	411	404	255	556	148	430	0	652	670
712	1055	320	471	678	792	636	652	0	696
891	990	450	757	123	700	1010	670	696	0
1	0	6	3	8	2	9	4	7	5
3267
371	285
658	10
534	814
338	524
927	835
678	313
139	366
567	411
266	990
962	953
