7721
10
0	693	382	172	357	480	142	420	419	318
693	0	556	600	1026	528	553	334	802	506
382	556	0	457	568	676	342	483	246	522
172	600	457	0	519	307	115	285	562	149
357	1026	568	519	0	820	495	777	420	669
480	528	676	307	820	0	381	231	840	168
142	553	342	115	495	381	0	282	462	213
420	334	483	285	777	231	282	0	685	172
419	802	246	562	420	840	462	685	0	673
318	506	522	149	669	168	213	172	673	0
1	2	8	4	0	6	3	9	5	7
2718
337	183
821	680
277	561
509	167
0	64
816	152
452	267
718	362
43	482
655	201
