1278
10
0	726	544	436	1013	764	781	522	323	694
726	0	237	692	325	644	69	266	402	509
544	237	0	454	471	465	306	29	243	332
436	692	454	0	863	368	761	426	433	357
1013	325	471	863	0	664	310	496	696	558
764	644	465	368	664	0	705	451	614	136
781	69	306	761	310	705	0	335	458	571
522	266	29	426	496	451	335	0	228	320
323	402	243	433	696	614	458	228	0	501
694	509	332	357	558	136	571	320	501	0
1	6	4	9	5	3	0	8	7	2
2694
981	722
285	515
512	445
939	288
76	266
691	15
221	541
541	441
671	629
618	130
