5137
10
0	906	501	222	1060	807	503	442	548	845
906	0	739	978	787	557	522	473	770	191
501	739	0	389	567	359	226	376	55	584
222	978	389	0	954	740	490	509	419	875
1060	787	567	954	0	291	601	764	534	600
807	557	359	740	291	0	319	474	350	367
503	522	226	490	601	319	0	178	270	389
442	473	376	509	764	474	178	0	427	404
548	770	55	419	534	350	270	427	0	609
845	191	584	875	600	367	389	404	609	0
1	6	7	0	3	2	8	4	5	9
3191
726	940
920	54
389	568
504	940
133	61
384	209
586	456
759	499
335	556
733	95
