9665
10
0	326	672	463	699	875	354	682	492	749
326	0	380	287	634	583	33	779	580	623
672	380	0	276	533	204	346	827	673	443
463	287	276	0	356	450	265	577	405	336
699	634	533	356	0	605	617	353	312	134
875	583	204	450	605	0	550	940	815	485
354	33	346	265	617	550	0	776	580	599
682	779	827	577	353	940	776	0	200	487
492	580	673	405	312	815	580	200	0	429
749	623	443	336	134	485	599	487	429	0
1	0	8	7	4	9	5	2	3	6
2768
168	858
141	533
337	207
421	470
775	511
420	20
158	504
850	856
657	800
745	380
