4021
10
0	552	365	477	469	457	127	268	607	276
552	0	842	923	561	97	602	675	580	649
365	842	0	118	824	759	255	558	606	583
477	923	118	0	940	845	360	676	610	702
469	561	824	940	0	489	596	311	960	274
457	97	759	845	489	0	513	580	563	556
127	602	255	360	596	513	0	383	528	396
268	675	558	676	311	580	383	0	869	37
607	580	606	610	960	563	528	869	0	868
276	649	583	702	274	556	396	37	868	0
1	5	4	9	7	0	6	2	3	8
2855
531	325
954	681
169	374
65	431
953	120
892	606
424	395
644	81
426	923
680	92
