2716
10
0	406	443	787	384	523	774	650	813	606
406	0	39	407	443	416	376	355	549	381
443	39	0	382	475	413	337	351	523	388
787	407	382	0	639	746	302	226	701	335
384	443	475	639	0	787	776	428	989	334
523	416	413	746	787	0	535	764	330	797
774	376	337	302	776	535	0	464	408	560
650	355	351	226	428	764	464	0	813	109
813	549	523	701	989	330	408	813	0	885
606	381	388	335	334	797	560	109	885	0
1	2	5	8	6	3	7	9	4	0
2951
944	700
558	574
519	574
281	275
919	316
506	987
182	561
501	223
176	969
607	196
