633
10
0	964	515	694	492	644	293	962	637	717
964	0	929	415	772	924	898	649	709	769
515	929	0	520	157	134	761	585	260	281
694	415	520	0	367	509	756	362	294	363
492	772	157	367	0	205	691	496	154	225
644	924	134	509	205	0	877	490	216	189
293	898	761	756	691	877	0	1088	809	902
962	649	585	362	496	490	1088	0	342	305
637	709	260	294	154	216	809	342	0	97
717	769	281	363	225	189	902	305	97	0
4	6	5	1	2	8	0	3	9	7
3369
5	708
968	760
203	232
661	480
324	333
291	130
98	986
781	138
462	263
477	167
