6456
10
0	741	724	815	606	201	465	705	60	748
741	0	529	1030	210	854	284	401	728	826
724	529	0	538	346	701	439	129	754	320
815	1030	538	0	822	660	835	659	871	219
606	210	346	822	0	683	156	229	609	623
201	854	701	660	683	0	569	719	260	639
465	284	439	835	156	569	0	347	461	659
705	401	129	659	229	719	347	0	725	443
60	728	754	871	609	260	461	725	0	797
748	826	320	219	623	639	659	443	797	0
5	6	7	9	1	3	8	4	0	2
2773
729	876
977	177
448	208
1	509
789	272
530	905
832	422
576	187
789	881
174	374
