6135
10
0	240	671	666	514	519	476	925	170	673
240	0	436	428	368	278	354	774	391	488
671	436	0	35	533	178	569	534	798	492
666	428	35	0	503	159	541	569	798	457
514	368	533	503	0	373	57	1027	684	181
519	278	178	159	373	0	402	657	662	377
476	354	569	541	57	402	0	1049	644	238
925	774	534	569	1027	657	1049	0	966	1021
170	391	798	798	684	662	644	966	0	843
673	488	492	457	181	377	238	1021	843	0
1	6	4	9	5	3	2	7	8	0
3073
925	321
772	507
412	754
439	777
939	835
586	714
980	794
4	409
935	151
844	990
