3419
10
0	374	760	742	764	884	760	371	450	659
374	0	420	426	392	700	599	34	246	331
760	420	0	533	305	918	860	444	593	469
742	426	533	0	242	389	356	407	307	95
764	392	305	242	0	631	593	393	423	209
884	700	918	389	631	0	125	669	468	450
760	599	860	356	593	125	0	566	358	393
371	34	444	407	393	669	566	0	212	314
450	246	593	307	423	468	358	212	0	244
659	331	469	95	209	450	393	314	244	0
8	7	1	9	2	3	5	0	6	4
2756
105	781
477	737
851	930
747	407
853	625
598	47
512	139
468	704
451	492
695	487
