8127
10
0	292	530	428	140	480	146	640	816	345
292	0	663	567	383	594	428	433	772	620
530	663	0	102	637	73	578	670	470	402
428	567	102	0	539	63	484	619	502	341
140	383	637	539	0	596	82	770	954	363
480	594	73	63	596	0	544	601	443	403
146	428	578	484	82	544	0	785	926	281
640	433	670	619	770	601	785	0	483	860
816	772	470	502	954	443	926	483	0	843
345	620	402	341	363	403	281	860	843	0
1	0	4	6	9	3	5	2	8	7
2658
770	292
570	79
482	737
527	645
907	262
467	665
907	344
144	158
25	627
868	623
