1873
10
0	253	363	129	753	536	281	273	740	214
253	0	172	139	642	547	65	153	775	82
363	172	0	287	778	718	107	100	946	254
129	139	287	0	652	483	185	222	703	85
753	642	778	652	0	341	697	795	429	596
536	547	718	483	341	0	613	689	228	471
281	65	107	185	697	613	0	100	840	146
273	153	100	222	795	689	100	0	914	218
740	775	946	703	429	228	840	914	0	697
214	82	254	85	596	471	146	218	697	0
7	9	6	0	8	3	1	2	5	4
2492
93	520
172	279
48	159
172	418
814	300
626	585
119	240
20	256
803	729
219	347
