9664
10
0	428	502	305	739	799	363	655	196	374
428	0	161	495	314	402	354	261	600	793
502	161	0	466	332	298	510	350	692	836
305	495	466	0	786	741	619	756	458	436
739	314	332	786	0	265	565	145	901	1107
799	402	298	741	265	0	741	391	987	1133
363	354	510	619	565	741	0	433	423	704
655	261	350	756	145	391	433	0	799	1029
196	600	692	458	901	987	423	799	0	296
374	793	836	436	1107	1133	704	1029	296	0
1	6	0	8	9	3	2	5	4	7
3080
553	765
263	450
342	309
751	533
13	260
183	56
191	797
5	405
582	959
878	951
