1690
10
0	220	842	591	894	468	413	794	493	178
220	0	867	699	809	275	197	811	274	362
842	867	0	360	433	790	877	60	1012	717
591	699	360	0	683	744	788	346	922	428
894	809	433	683	0	605	719	394	830	849
468	275	790	744	605	0	116	730	231	551
413	197	877	788	719	116	0	817	137	529
794	811	60	346	394	730	817	0	953	676
493	274	1012	922	830	231	137	953	0	633
178	362	717	428	849	551	529	676	633	0
1	8	3	9	7	4	5	2	6	0
2772
517	917
310	841
796	122
901	467
372	34
169	604
154	720
747	157
39	795
672	829
