3471
10
0	666	192	107	328	589	330	528	184	399
666	0	564	770	338	292	415	969	577	291
192	564	0	287	260	422	164	454	298	356
107	770	287	0	432	695	435	537	242	495
328	338	260	432	0	334	180	709	260	99
589	292	422	695	334	0	261	733	585	373
330	415	164	435	180	261	0	559	361	274
528	969	454	537	709	733	559	0	706	808
184	577	298	242	260	585	361	706	0	287
399	291	356	495	99	373	274	808	287	0
8	5	7	0	9	6	2	3	4	1
2649
618	777
934	190
545	599
596	882
782	492
642	188
607	447
98	680
801	752
880	476
