3135
10
0	554	226	641	391	863	536	400	131	407
554	0	737	573	278	857	815	773	685	696
226	737	0	643	512	800	392	233	162	296
641	573	643	0	352	286	414	493	725	384
391	278	512	352	0	633	536	503	512	420
863	857	800	286	633	0	448	591	919	504
536	815	392	414	536	448	0	159	541	135
400	773	233	493	503	591	159	0	387	109
131	685	162	725	512	919	541	387	0	429
407	696	296	384	420	504	135	109	429	0
1	4	3	5	6	9	7	2	8	0
2688
514	219
827	677
293	169
270	812
557	608
3	915
39	468
132	338
444	108
172	440
