4388
10
0	695	566	190	606	935	609	517	321	850
695	0	828	543	1086	945	173	690	852	824
566	828	0	666	320	399	659	139	885	355
190	543	666	0	771	990	495	581	331	890
606	1086	320	771	0	650	928	440	875	646
935	945	399	990	650	0	777	418	1256	120
609	173	659	495	928	777	0	519	824	657
517	690	139	581	440	418	519	0	838	336
321	852	885	331	875	1256	824	838	0	1169
850	824	355	890	646	120	657	336	1169	0
1	6	9	5	7	2	4	0	8	3
3628
283	621
900	942
617	163
379	786
332	16
982	0
874	770
679	288
53	846
970	120
