1447
10
0	1188	450	1200	1093	707	849	925	486	804
1188	0	756	128	108	484	339	705	752	660
450	756	0	789	656	273	428	719	273	581
1200	128	789	0	205	517	361	615	739	591
1093	108	656	205	0	386	254	693	674	628
707	484	273	517	386	0	157	595	330	471
849	339	428	361	254	157	0	538	421	437
925	705	719	615	693	595	538	0	476	138
486	752	273	739	674	330	421	476	0	341
804	660	581	591	628	471	437	138	341	0
2	3	5	7	1	6	4	9	0	8
2950
868	15
15	842
482	247
100	938
48	739
330	474
273	621
715	928
660	455
674	796
