4973
10
0	745	544	862	710	357	174	646	388	188
745	0	420	192	822	701	749	807	535	771
544	420	0	418	408	326	454	387	174	469
862	192	418	0	771	739	830	773	575	850
710	822	408	771	0	353	544	66	394	540
357	701	326	739	353	0	194	289	167	195
174	749	454	830	544	194	0	479	281	23
646	807	387	773	66	289	479	0	348	474
388	535	174	575	394	167	281	348	0	294
188	771	469	850	540	195	23	474	294	0
1	0	6	9	5	7	4	8	2	3
2670
981	175
697	864
529	478
507	896
271	161
624	166
814	124
335	142
626	333
808	101
