9539
10
0	920	942	988	730	779	930	210	820	1242
920	0	28	223	413	441	354	722	150	613
942	28	0	238	441	468	376	742	155	626
988	223	238	0	322	318	165	814	358	392
730	413	441	322	0	60	206	596	452	513
779	441	468	318	60	0	178	652	496	462
930	354	376	165	206	178	0	780	458	333
210	722	742	814	596	652	780	0	614	1107
820	150	155	358	452	496	458	614	0	749
1242	613	626	392	513	462	333	1107	749	0
1	3	9	6	5	4	0	7	8	2
2923
963	40
752	936
765	961
529	928
502	607
443	621
425	799
980	250
880	856
139	970
