8891
10
0	335	959	362	322	432	648	474	478	914
335	0	1224	696	468	242	879	165	798	1180
959	1224	0	701	768	1134	356	1284	880	45
362	696	701	0	449	745	493	824	241	657
322	468	768	449	0	373	416	516	666	727
432	242	1134	745	373	0	778	171	905	1094
648	879	356	493	416	778	0	930	725	317
474	165	1284	824	516	171	930	0	949	1243
478	798	880	241	666	905	725	949	0	839
914	1180	45	657	727	1094	317	1243	839	0
1	7	5	4	6	2	9	3	8	0
3237
482	869
794	991
75	0
163	696
594	567
904	775
342	236
951	940
4	878
90	43
