729
10
0	949	803	937	637	859	396	698	832	941
949	0	744	11	530	655	858	663	368	218
803	744	0	739	273	1192	1031	1099	380	915
937	11	739	0	522	649	847	655	363	216
637	530	273	522	0	919	789	827	228	669
859	655	1192	649	919	0	515	163	906	455
396	858	1031	847	789	515	0	355	905	760
698	663	1099	655	827	163	355	0	852	497
832	368	380	363	228	906	905	852	0	556
941	218	915	216	669	455	760	497	556	0
1	3	8	2	4	0	6	7	5	9
3251
144	165
773	876
33	961
766	867
249	794
998	260
525	54
841	216
413	953
913	708
