7748
10
0	1048	1027	517	843	467	782	915	492	369
1048	0	23	873	750	823	752	348	823	833
1027	23	0	850	729	800	730	329	799	810
517	873	850	0	349	76	289	592	60	168
843	750	729	349	0	378	61	404	355	473
467	823	800	76	378	0	317	563	25	101
782	752	730	289	61	317	0	413	294	413
915	348	329	592	404	563	413	0	554	608
492	823	799	60	355	25	294	554	0	126
369	833	810	168	473	101	413	608	126	0
1	7	4	6	3	8	5	9	0	2
2707
868	178
50	834
60	813
374	23
30	84
408	92
91	83
7	488
385	82
501	133
