9134
10
0	582	379	578	500	325	566	634	147	508
582	0	306	182	581	264	825	326	729	273
379	306	0	215	295	226	522	255	518	129
578	182	215	0	430	321	687	144	723	116
500	581	295	430	0	509	261	351	588	315
325	264	226	321	509	0	700	432	470	312
566	825	522	687	261	700	0	612	591	570
634	326	255	144	351	432	612	0	769	128
147	729	518	723	588	470	591	769	0	646
508	273	129	116	315	312	570	128	646	0
1	3	7	9	2	4	6	8	0	5
2466
349	780
921	672
644	541
856	501
478	296
674	766
226	227
824	360
206	818
746	462
