3748
10
0	203	310	649	347	322	640	646	712	691
203	0	444	537	200	520	745	748	622	839
310	444	0	613	457	240	331	338	630	394
649	537	613	0	337	834	691	681	106	884
347	200	457	337	0	613	691	689	426	829
322	520	240	834	613	0	493	506	862	448
640	745	331	691	691	493	0	16	654	210
646	748	338	681	689	506	16	0	643	224
712	622	630	106	426	862	654	643	0	856
691	839	394	884	829	448	210	224	856	0
5	0	9	4	1	2	7	8	3	6
2671
615	811
813	763
408	579
916	235
865	569
293	790
228	301
236	287
863	143
50	413
