5540
10
0	322	235	362	54	369	741	403	491	369
322	0	466	200	282	212	1048	715	809	139
235	466	0	572	284	581	772	455	404	559
362	200	572	0	308	12	996	686	840	73
54	282	284	308	0	315	769	433	540	318
369	212	581	12	315	0	996	687	845	84
741	1048	772	996	769	996	0	338	431	1042
403	715	455	686	433	687	338	0	262	722
491	809	404	840	540	845	431	262	0	858
369	139	559	73	318	84	1042	722	858	0
4	2	8	9	5	3	7	0	6	1
2635
303	506
151	790
154	324
336	867
314	559
347	873
865	22
601	234
434	32
263	873
