1978
10
0	590	525	519	501	540	175	589	405	99
590	0	1035	129	1009	935	560	1159	478	684
525	1035	0	927	717	228	684	222	621	492
519	129	927	0	976	814	527	1064	350	617
501	1009	717	976	0	871	450	604	903	411
540	935	228	814	871	0	715	450	473	550
175	560	684	527	450	715	0	715	526	196
589	1159	222	1064	604	450	715	0	796	522
405	478	621	350	903	473	526	796	0	493
99	684	492	617	411	550	196	522	493	0
9	6	5	1	7	8	0	2	3	4
3251
516	441
924	14
516	966
941	142
15	452
742	932
434	286
295	988
918	492
425	482
