4432
10
0	228	818	221	316	338	647	498	585	363
228	0	682	322	476	386	456	496	394	499
818	682	0	680	796	583	300	457	337	1166
221	322	680	0	165	123	588	291	533	571
316	476	796	165	0	214	742	355	690	604
338	386	583	123	214	0	539	168	492	694
647	456	300	588	742	539	0	496	62	956
498	496	457	291	355	168	496	0	464	859
585	394	337	533	690	492	62	464	0	894
363	499	1166	571	604	694	956	859	894	0
9	8	7	0	3	4	2	5	6	1
2843
335	382
563	387
883	990
323	603
164	648
366	719
905	690
442	869
854	654
199	45
