3285
10
0	801	316	477	574	445	593	769	890	482
801	0	497	649	1255	371	208	745	757	422
316	497	0	458	850	197	289	721	812	188
477	649	458	0	658	346	509	292	412	617
574	1255	850	658	0	888	1068	825	954	1036
445	371	197	346	888	0	180	563	638	290
593	208	289	509	1068	180	0	678	726	251
769	745	721	292	825	563	678	0	132	852
890	757	812	412	954	638	726	132	0	926
482	422	188	617	1036	290	251	852	926	0
2	8	9	4	0	6	1	3	7	5
3595
342	771
89	11
178	500
621	383
873	991
279	330
141	213
818	167
846	37
5	425
