1339
10
0	689	590	606	764	789	635	461	523	203
689	0	909	740	294	830	943	869	705	631
590	909	0	216	766	329	45	139	209	781
606	740	216	0	562	183	231	284	82	764
764	294	766	562	0	599	790	772	559	783
789	830	329	183	599	0	318	439	266	940
635	943	45	231	790	318	0	181	238	826
461	869	139	284	772	439	181	0	233	658
523	705	209	82	559	266	238	233	0	683
203	631	781	764	783	940	826	658	683	0
7	9	6	5	1	4	8	2	3	0
2875
807	220
129	344
915	801
699	817
166	636
647	993
929	844
938	663
716	736
690	53
