2616
10
0	58	405	131	601	678	685	371	346	149
58	0	419	96	551	631	629	386	339	162
405	419	0	515	611	1006	782	762	154	258
131	96	515	0	572	549	619	323	428	259
601	551	611	572	0	671	197	887	461	550
678	631	1006	549	671	0	544	634	873	776
685	629	782	619	197	544	0	903	628	673
371	386	762	323	887	634	903	0	717	517
346	339	154	428	461	873	628	717	0	203
149	162	258	259	550	776	673	517	203	0
1	3	9	7	8	6	4	5	2	0
2874
579	847
568	790
202	996
647	735
194	385
846	223
302	220
950	849
233	845
433	881
