910
10
0	618	70	593	277	74	399	493	498	707
618	0	680	290	749	651	378	141	951	215
70	680	0	664	230	46	470	558	508	757
593	290	664	0	813	652	206	221	766	505
277	749	230	813	0	203	644	656	725	761
74	651	46	652	203	0	465	533	550	718
399	378	470	206	644	465	0	244	583	567
493	141	558	221	656	533	244	0	810	323
498	951	508	766	725	550	583	810	0	1110
707	215	757	505	761	718	567	323	1110	0
1	7	3	6	8	0	2	5	4	9
2944
405	677
346	61
375	741
629	127
149	784
339	712
609	333
415	184
871	854
134	23
