8949
10
0	1129	1175	809	785	857	706	1075	635	1017
1129	0	230	664	672	408	598	259	508	231
1175	230	0	549	859	338	764	107	613	448
809	664	549	0	928	259	795	447	559	743
785	672	859	928	0	742	133	815	369	449
857	408	338	259	742	0	617	231	398	489
706	598	764	795	133	617	0	709	236	395
1075	259	107	447	815	231	709	0	536	440
635	508	613	559	369	398	236	536	0	383
1017	231	448	743	449	489	395	440	383	0
1	2	7	5	3	0	8	6	4	9
3320
219	4
780	984
991	891
954	343
138	785
852	582
248	710
953	790
454	594
549	966
