6372
10
0	663	258	131	699	805	333	258	416	554
663	0	631	780	241	414	577	434	479	307
258	631	0	368	574	631	94	376	582	410
131	780	368	0	828	937	453	354	463	686
699	241	574	828	0	176	493	535	653	164
805	414	631	937	176	0	540	680	818	253
333	577	94	453	493	540	0	393	602	329
258	434	376	354	535	680	393	0	209	432
416	479	582	463	653	818	602	209	0	591
554	307	410	686	164	253	329	432	591	0
1	8	7	3	0	2	6	9	5	4
2524
900	785
385	366
991	543
945	909
543	184
625	28
955	456
653	708
487	835
679	276
