7169
10
0	585	487	621	299	418	125	421	741	303
585	0	578	919	353	456	529	164	386	294
487	578	0	354	300	765	362	491	429	390
621	919	354	0	593	1005	534	807	769	681
299	353	300	593	0	466	199	216	442	91
418	456	765	1005	466	0	473	355	797	384
125	529	362	534	199	473	0	370	631	235
421	164	491	807	216	355	370	0	442	138
741	386	429	769	442	797	631	442	0	467
303	294	390	681	91	384	235	138	467	0
6	7	8	2	9	0	3	4	1	5
3101
603	657
33	522
500	181
840	82
380	457
271	911
562	538
192	564
73	138
327	531
