3789
10
0	752	843	508	225	352	498	736	742	714
752	0	117	795	556	491	581	26	345	77
843	117	0	823	635	603	698	144	449	193
508	795	823	0	404	701	897	796	984	807
225	556	635	404	0	297	492	544	627	531
352	491	603	701	297	0	198	468	392	430
498	581	698	897	492	198	0	554	349	507
736	26	144	796	544	468	554	0	321	50
742	345	449	984	627	392	349	321	0	272
714	77	193	807	531	430	507	50	272	0
4	7	1	2	3	0	5	9	6	8
2816
433	63
375	813
447	906
914	228
512	274
223	346
25	349
355	795
49	698
313	767
