4869
10
0	509	419	315	544	306	325	229	425	377
509	0	341	657	124	515	744	281	189	388
419	341	0	700	456	616	739	271	152	66
315	657	700	0	628	157	120	444	656	672
544	124	456	628	0	475	729	334	305	496
306	515	616	157	475	0	271	345	543	600
325	744	739	120	729	271	0	504	717	701
229	281	271	444	334	345	504	0	213	264
425	189	152	656	305	543	717	213	0	200
377	388	66	672	496	600	701	264	200	0
7	4	8	6	5	3	0	9	1	2
2101
363	671
546	195
736	479
51	627
439	132
120	485
47	747
465	465
648	355
718	543
