5265
10
0	360	995	770	651	798	696	330	922	701
360	0	645	516	318	579	662	57	599	360
995	645	0	420	347	502	863	691	175	460
770	516	420	0	268	95	444	573	253	601
651	318	347	268	0	358	617	371	281	335
798	579	502	95	358	0	376	635	329	693
696	662	863	444	617	376	0	704	697	924
330	57	691	573	371	635	704	0	652	372
922	599	175	253	281	329	697	652	0	520
701	360	460	601	335	693	924	372	520	0
1	9	4	2	8	3	5	6	0	7
3024
163	200
493	344
980	768
569	855
672	607
502	923
126	896
482	288
822	845
853	325
