1944
10
0	79	682	610	555	593	306	267	905	283
79	0	614	536	601	548	350	211	886	246
682	614	0	124	908	276	745	423	640	706
610	536	124	0	911	340	722	371	735	597
555	601	908	911	0	660	251	584	683	838
593	548	276	340	660	0	545	338	411	728
306	350	745	722	251	545	0	363	720	588
267	211	423	371	584	338	363	0	699	403
905	886	640	735	683	411	720	699	0	1102
283	246	706	597	838	728	588	403	1102	0
1	0	6	4	8	5	2	3	7	9
3150
87	617
149	666
759	736
664	816
147	65
664	476
143	316
354	612
830	99
72	900
