1895
10
0	585	575	388	619	722	136	993	958	819
585	0	582	599	1005	764	675	774	781	268
575	582	0	213	533	188	535	434	389	833
388	599	213	0	409	334	326	647	601	866
619	1005	533	409	0	495	487	889	826	1273
722	764	188	334	495	0	655	394	331	1008
136	675	535	326	487	655	0	967	925	925
993	774	434	647	889	394	967	0	67	943
958	781	389	601	826	331	925	67	0	966
819	268	833	866	1273	1008	925	943	966	0
1	9	7	8	5	2	3	4	6	0
3627
868	634
302	782
465	223
663	304
959	21
464	35
919	507
70	43
133	19
127	985
