622
10
0	434	538	79	671	68	447	150	257	408
434	0	257	495	634	480	464	513	222	760
538	257	0	615	411	601	711	663	428	734
79	495	615	0	744	15	432	83	299	420
671	634	411	744	0	737	1016	821	716	607
68	480	601	15	737	0	423	86	283	428
447	464	711	432	1016	423	0	369	301	850
150	513	663	83	821	86	369	0	299	495
257	222	428	299	716	283	301	299	0	647
408	760	734	420	607	428	850	495	647	0
1	2	4	9	0	5	3	7	6	8
2741
808	482
401	331
275	556
882	452
339	962
867	447
761	37
913	374
622	304
939	869
