6313
10
0	621	945	572	974	885	947	839	238	461
621	0	352	175	584	379	793	224	457	483
945	352	0	380	408	183	739	142	743	663
572	175	380	0	468	318	627	304	362	321
974	584	408	468	0	238	358	496	736	543
885	379	183	318	238	0	555	258	660	532
947	793	739	627	358	555	0	790	725	490
839	224	142	304	496	258	790	0	655	618
238	457	743	362	736	660	725	655	0	235
461	483	663	321	543	532	490	618	235	0
1	3	0	8	9	6	4	5	2	7
2855
891	966
341	677
146	383
479	568
442	101
309	299
792	24
178	522
793	749
796	514
