2006
10
0	322	439	651	527	468	503	175	114	493
322	0	402	565	690	298	438	484	222	756
439	402	0	958	961	699	820	592	444	923
651	565	958	0	472	273	148	681	563	705
527	690	961	472	0	552	408	425	524	256
468	298	699	273	552	0	174	562	360	714
503	438	820	148	408	174	0	541	415	610
175	484	592	681	425	562	541	0	262	330
114	222	444	563	524	360	415	262	0	545
493	756	923	705	256	714	610	330	545	0
1	2	8	0	7	9	4	3	6	5
2813
297	444
614	385
432	26
718	941
246	969
709	668
628	823
159	552
408	470
18	851
