4212
10
0	725	279	32	83	622	630	56	766	491
725	0	794	714	668	209	468	695	412	760
279	794	0	250	345	628	518	329	956	766
32	714	250	0	101	604	602	80	773	517
83	668	345	101	0	585	627	30	685	421
622	209	628	604	585	0	261	607	575	794
630	468	518	602	627	261	0	638	824	945
56	695	329	80	30	607	638	0	715	437
766	412	956	773	685	575	824	715	0	524
491	760	766	517	421	794	945	437	524	0
1	8	9	4	7	0	3	2	6	5
2713
478	58
458	783
757	47
508	70
418	116
629	662
867	554
430	88
55	697
1	175
