8638
10
0	470	117	392	462	650	417	261	794	154
470	0	397	264	797	1099	518	656	1257	430
117	397	0	388	575	759	482	377	894	225
392	264	388	0	570	924	258	474	1100	272
462	797	575	570	0	416	348	206	610	387
650	1099	759	924	416	0	747	450	193	672
417	518	482	258	348	747	0	338	936	264
261	656	377	474	206	450	338	0	626	226
794	1257	894	1100	610	193	936	626	0	840
154	430	225	272	387	672	264	226	840	0
1	3	6	4	5	8	7	9	0	2
2999
663	559
922	952
778	581
658	951
203	607
122	198
407	889
402	551
92	7
581	690
