8769
10
0	460	314	447	817	486	371	321	803	651
460	0	184	576	1200	415	832	768	1170	837
314	184	0	573	1111	475	680	635	1089	828
447	576	573	0	704	220	625	501	658	261
817	1200	1111	704	0	923	583	528	63	547
486	415	475	220	923	0	766	654	878	455
371	832	680	625	583	766	0	127	596	702
321	768	635	501	528	654	127	0	529	576
803	1170	1089	658	63	878	596	529	0	489
651	837	828	261	547	455	702	576	489	0
1	2	0	6	7	4	8	9	3	5
2972
766	561
939	134
965	317
392	315
31	920
524	139
614	900
544	793
19	858
139	383
