8279
10
0	579	435	531	498	384	310	602	369	363
579	0	1014	849	847	676	839	1118	781	684
435	1014	0	648	601	612	302	394	452	581
531	849	648	0	46	178	352	417	873	183
498	847	601	46	0	170	306	379	834	166
384	676	612	178	170	0	314	498	746	30
310	839	302	352	306	314	0	292	564	283
602	1118	394	417	379	498	292	0	801	475
369	781	452	873	834	746	564	801	0	722
363	684	581	183	166	30	283	475	722	0
1	0	8	2	6	7	4	3	9	5
3308
646	543
919	32
463	938
142	375
164	416
318	343
356	655
97	790
898	813
325	373
