6636
10
0	244	448	463	333	349	425	324	622	297
244	0	641	318	244	508	581	569	562	293
448	641	0	659	540	149	118	306	617	737
463	318	659	0	137	510	555	731	276	612
333	244	540	137	0	391	445	594	321	522
349	508	149	510	391	0	76	333	492	646
425	581	118	555	445	76	0	376	499	723
324	569	306	731	594	333	376	0	799	537
622	562	617	276	321	492	499	799	0	843
297	293	737	612	522	646	723	537	843	0
1	4	3	8	5	6	2	7	0	9
2563
371	655
559	812
347	207
834	651
702	614
450	315
461	239
137	430
936	394
296	943
