9807
10
0	738	528	557	713	198	907	885	583	1000
738	0	327	554	436	711	738	172	731	593
528	327	0	237	223	433	512	407	409	499
557	554	237	0	213	389	352	598	178	469
713	436	223	213	0	574	308	426	369	287
198	711	433	389	574	0	727	831	387	853
907	738	512	352	308	727	0	695	368	280
885	172	407	598	426	831	695	0	774	495
583	731	409	178	369	387	368	774	0	573
1000	593	499	469	287	853	280	495	573	0
1	2	0	5	8	3	4	6	9	7
3086
805	2
838	740
619	497
406	392
423	605
616	64
115	591
745	885
283	263
252	836
