4216
10
0	137	796	893	880	626	797	359	356	873
137	0	745	761	789	556	694	290	275	801
796	745	0	706	272	207	344	454	965	153
893	761	706	0	476	569	364	636	769	602
880	789	272	476	0	274	132	522	946	132
626	556	207	569	274	0	253	269	761	246
797	694	344	364	132	253	0	451	829	241
359	290	454	636	522	269	451	0	523	516
356	275	965	769	946	761	829	523	0	989
873	801	153	602	132	246	241	516	989	0
1	8	5	6	9	7	4	0	3	2
2797
636	111
554	221
992	824
295	937
769	981
818	711
658	908
718	461
284	168
897	945
