2536
10
0	243	708	454	346	293	711	459	368	433
243	0	534	310	463	275	470	365	297	195
708	534	0	256	645	457	521	291	800	388
454	310	256	0	423	209	514	96	602	244
346	463	645	423	0	229	883	355	699	573
293	275	457	209	229	0	656	175	558	346
711	470	521	514	883	656	0	611	534	310
459	365	291	96	355	175	611	0	662	335
368	297	800	602	699	558	534	662	0	415
433	195	388	244	573	346	310	335	415	0
4	8	6	2	5	7	9	3	0	1
2793
709	253
692	496
245	789
393	580
376	157
443	377
736	964
327	509
989	493
617	677
