6675
10
0	189	620	199	454	433	555	170	442	404
189	0	789	340	548	521	402	78	481	584
620	789	0	452	395	836	1175	731	547	496
199	340	452	0	262	584	737	278	291	420
454	548	395	262	0	842	948	471	153	621
433	521	836	584	842	0	622	560	865	359
555	402	1175	737	948	622	0	476	866	864
170	78	731	278	471	560	476	0	403	575
442	481	547	291	153	865	866	403	0	703
404	584	496	420	621	359	864	575	703	0
1	7	0	3	8	4	2	9	5	6
3165
507	577
695	604
24	188
427	394
416	132
323	969
944	920
671	529
569	139
115	676
