474
10
0	325	860	888	857	883	700	944	928	308
325	0	616	584	571	571	416	677	656	156
860	616	0	262	163	698	226	116	120	553
888	584	262	0	99	459	202	200	175	590
857	571	163	99	0	542	157	126	100	551
883	571	698	459	542	0	512	658	633	685
700	416	226	202	157	512	0	262	240	394
944	677	116	200	126	658	262	0	25	636
928	656	120	175	100	633	240	25	0	620
308	156	553	590	551	685	394	636	620	0
1	5	3	4	8	7	2	6	9	0
2623
447	65
477	389
38	822
274	937
190	883
732	901
247	736
74	933
99	926
326	349
