3753
10
0	841	493	733	188	730	899	390	463	819
841	0	920	924	792	123	61	473	780	86
493	920	0	267	665	798	958	505	140	946
733	924	267	0	886	814	947	618	275	972
188	792	665	886	0	696	853	410	610	751
730	123	798	814	696	0	172	353	659	158
899	61	958	947	853	172	0	526	818	134
390	473	505	618	410	353	526	0	380	472
463	780	140	275	610	659	818	380	0	808
819	86	946	972	751	158	134	472	808	0
4	5	0	2	9	7	1	8	3	6
3025
677	902
876	84
216	726
56	512
864	876
801	182
868	23
674	512
309	621
950	129
