2999
10
0	399	262	605	656	358	360	662	68	778
399	0	236	691	257	149	81	416	343	718
262	236	0	479	467	305	159	401	242	572
605	691	479	0	852	785	609	515	638	276
656	257	467	852	0	348	311	420	598	797
358	149	305	785	348	0	203	565	290	847
360	81	159	609	311	203	0	372	313	646
662	416	401	515	420	565	372	0	640	386
68	343	242	638	598	290	313	640	0	791
778	718	572	276	797	847	646	386	791	0
8	6	0	2	7	1	4	9	5	3
2722
636	57
731	445
543	302
65	259
799	693
845	348
654	417
379	668
685	105
18	531
