7094
10
0	495	953	715	937	1025	666	292	616	896
495	0	840	247	815	696	482	285	330	471
953	840	0	1006	26	430	357	719	513	640
715	247	1006	0	980	760	662	532	499	480
937	815	26	980	0	409	333	700	488	614
1025	696	430	760	409	0	383	736	413	290
666	482	357	662	333	383	0	394	163	405
292	285	719	532	700	736	394	0	325	610
616	330	513	499	488	413	163	325	0	314
896	471	640	480	614	290	405	610	314	0
7	0	5	1	2	9	4	8	6	3
3081
24	793
181	323
963	630
118	84
944	612
868	210
627	508
244	601
502	403
598	104
