8786
10
0	504	319	276	397	405	261	34	666	461
504	0	797	761	112	117	504	534	566	481
319	797	0	45	698	711	537	285	760	563
276	761	45	0	660	672	492	242	751	550
397	112	698	660	0	27	396	427	579	455
405	117	711	672	27	0	386	436	607	483
261	504	537	492	396	386	0	287	859	670
34	534	285	242	427	436	287	0	668	461
666	566	760	751	579	607	859	668	0	208
461	481	563	550	455	483	670	461	208	0
1	4	5	6	0	7	3	2	9	8
2444
619	398
115	429
905	540
872	509
222	394
215	367
535	150
649	414
279	971
410	809
