5275
10
0	695	744	785	1123	1021	877	432	336	832
695	0	594	210	669	682	699	535	546	281
744	594	0	805	445	296	138	311	408	417
785	210	805	0	845	880	910	720	713	467
1123	669	445	845	0	177	387	718	805	388
1021	682	296	880	177	0	213	596	690	414
877	699	138	910	387	213	0	444	540	482
432	535	311	720	718	596	444	0	96	516
336	546	408	713	805	690	540	96	0	574
832	281	417	467	388	414	482	516	574	0
8	3	6	0	9	4	5	2	7	1
2935
850	37
170	184
487	687
65	1
71	846
248	862
458	822
650	421
695	336
135	463
