893
10
0	321	419	325	588	191	345	488	641	567
321	0	121	513	448	466	233	746	336	648
419	121	0	634	525	536	341	864	310	764
325	513	634	0	489	464	357	252	731	270
588	448	525	489	0	780	251	725	383	398
191	466	536	464	780	0	535	548	801	728
345	233	341	357	251	535	0	609	373	425
488	746	864	252	725	548	609	0	982	401
641	336	310	731	383	801	373	982	0	749
567	648	764	270	398	728	425	401	749	0
1	0	5	7	3	9	4	6	8	2
3035
744	750
442	860
385	967
717	426
229	465
908	849
421	627
936	301
107	829
543	219
