8287
10
0	159	917	363	896	138	450	927	551	281
159	0	905	260	924	253	561	1017	592	208
917	905	0	688	231	809	696	626	419	701
363	260	688	0	755	358	571	942	471	92
896	924	231	755	0	768	572	397	345	739
138	253	809	358	768	0	315	789	423	266
450	561	696	571	572	315	0	485	284	491
927	1017	626	942	397	789	485	0	474	888
551	592	419	471	345	423	284	474	0	428
281	208	701	92	739	266	491	888	428	0
1	9	3	8	2	4	7	6	5	0
2915
455	946
296	943
321	38
178	711
552	55
519	823
738	596
937	153
532	400
267	737
