5518
10
0	43	748	82	528	201	87	398	263	498
43	0	778	66	498	243	94	364	288	518
748	778	0	737	895	674	820	891	863	312
82	66	737	0	446	269	158	321	346	464
528	498	895	446	0	707	588	152	787	587
201	243	674	269	707	0	207	590	190	499
87	94	820	158	588	207	0	448	200	581
398	364	891	321	152	590	448	0	648	579
263	288	863	346	787	190	200	648	0	683
498	518	312	464	587	499	581	579	683	0
1	3	5	7	9	8	0	4	6	2
2632
772	555
799	521
25	604
751	475
712	30
686	737
845	603
796	157
865	802
288	436
