3599
10
0	153	394	401	92	355	454	449	467	577
153	0	308	525	184	201	468	485	602	530
394	308	0	574	469	304	294	350	671	241
401	525	574	0	462	710	382	320	97	601
92	184	469	462	0	370	546	540	516	664
355	201	304	710	370	0	563	601	794	544
454	468	294	382	546	563	0	69	475	222
449	485	350	320	540	601	69	0	411	289
467	602	671	97	516	794	475	411	0	696
577	530	241	601	664	544	222	289	696	0
1	5	2	9	6	7	3	8	0	4
2197
821	593
833	746
560	889
532	315
912	579
859	946
372	662
372	593
542	218
319	878
