7038
10
0	543	549	487	312	697	232	353	405	307
543	0	782	496	338	963	314	878	591	447
549	782	0	998	458	1240	573	511	949	824
487	496	998	0	588	482	441	805	162	180
312	338	458	588	0	947	150	580	591	439
697	963	1240	482	947	0	803	848	375	530
232	314	573	441	150	803	0	565	442	289
353	878	511	805	580	848	565	0	683	635
405	591	949	162	591	375	442	683	0	156
307	447	824	180	439	530	289	635	156	0
7	3	4	5	6	8	1	2	9	0
3602
546	581
182	985
963	939
65	502
507	891
127	23
414	773
868	436
186	394
241	541
