6038
10
0	685	634	498	568	639	647	553	120	870
685	0	688	256	646	64	498	732	692	186
634	688	0	735	1062	626	1027	121	742	823
498	256	735	0	404	250	300	737	473	414
568	646	1062	404	0	652	199	1028	464	763
639	64	626	250	652	0	519	667	655	241
647	498	1027	300	199	519	0	1015	567	587
553	732	121	737	1028	667	1015	0	668	884
120	692	742	473	464	655	567	668	0	872
870	186	823	414	763	241	587	884	872	0
1	5	2	7	0	8	4	6	3	9
3047
632	263
216	808
7	152
461	731
862	783
211	744
705	906
108	84
726	339
121	968
