6382
10
0	120	208	695	105	317	174	623	289	481
120	0	196	643	221	315	257	652	304	483
208	196	0	837	230	502	382	827	112	671
695	643	837	0	784	406	628	441	948	323
105	221	230	784	0	389	194	661	271	542
317	315	502	406	389	0	221	344	600	168
174	257	382	628	194	221	0	466	452	356
623	652	827	441	661	344	466	0	912	198
289	304	112	948	271	600	452	912	0	767
481	483	671	323	542	168	356	198	767	0
1	3	7	9	5	6	0	4	8	2
2529
660	412
639	531
835	525
7	652
720	325
343	423
527	299
68	215
940	484
180	379
