7039
10
0	43	217	330	477	765	876	551	680	342
43	0	178	352	488	784	904	594	719	382
217	178	0	517	628	939	1073	739	841	559
330	352	517	0	180	434	556	566	742	219
477	488	628	180	0	320	496	731	911	386
765	784	939	434	320	0	216	837	1016	548
876	904	1073	556	496	216	0	806	972	591
551	594	739	566	731	837	806	0	182	347
680	719	841	742	911	1016	972	182	0	525
342	382	559	219	386	548	591	347	525	0
1	2	8	7	9	6	5	4	3	0
3228
209	235
166	229
23	122
318	547
243	711
438	965
653	991
759	192
861	41
497	420
