4306
10
0	702	479	865	238	714	332	753	238	831
702	0	875	611	941	794	901	1157	897	722
479	875	0	660	537	349	215	299	356	543
865	611	660	0	1058	356	825	824	916	165
238	941	537	1058	0	846	327	745	182	998
714	794	349	356	846	0	552	467	676	207
332	901	215	825	327	552	0	431	145	731
753	1157	299	824	745	467	431	0	571	671
238	897	356	916	182	676	145	571	0	840
831	722	543	165	998	207	731	671	840	0
1	0	4	8	6	2	7	5	9	3
3231
946	270
894	971
471	204
296	841
981	34
265	486
660	100
236	19
804	78
228	690
