3479
10
0	332	509	453	608	519	368	478	74	494
332	0	841	416	559	303	434	796	291	810
509	841	0	822	947	987	699	193	559	206
453	416	822	0	954	720	768	873	487	892
608	559	947	954	0	322	256	794	537	795
519	303	987	720	322	0	353	885	449	893
368	434	699	768	256	353	0	562	303	566
478	796	193	873	794	885	562	0	505	20
74	291	559	487	537	449	303	505	0	518
494	810	206	892	795	893	566	20	518	0
1	5	4	6	9	7	2	0	8	3
3146
326	484
511	208
36	903
113	84
927	582
805	284
672	612
223	951
400	478
232	969
