3988
10
0	533	229	564	218	581	620	398	285	792
533	0	304	31	585	187	136	165	275	518
229	304	0	335	327	374	398	183	100	639
564	31	335	0	616	194	128	195	306	521
218	585	327	616	0	561	628	422	311	681
581	187	374	194	561	0	94	191	296	330
620	136	398	128	628	94	0	222	339	400
398	165	183	195	422	191	222	0	118	481
285	275	100	306	311	296	339	118	0	541
792	518	639	521	681	330	400	481	541	0
1	3	6	5	9	4	0	2	8	7
2094
956	398
426	337
729	367
396	327
941	616
388	521
337	441
559	435
676	452
297	839
