2382
10
0	917	697	1098	1074	345	1175	417	345	272
917	0	654	239	200	765	258	575	710	728
697	654	0	678	853	359	839	693	351	427
1098	239	678	0	304	887	183	797	839	875
1074	200	853	304	0	955	181	695	898	910
345	765	359	887	955	0	1007	496	59	104
1175	258	839	183	181	1007	0	826	954	979
417	575	693	797	695	496	826	0	445	397
345	710	351	839	898	59	954	445	0	76
272	728	427	875	910	104	979	397	76	0
9	7	3	6	1	2	4	0	5	8
3000
71	832
783	254
139	138
806	16
983	264
54	487
977	83
479	743
113	489
124	565
