3927
10
0	994	512	820	375	855	655	844	305	542
994	0	743	174	631	141	361	763	1030	740
512	743	0	609	295	612	562	1025	760	771
820	174	609	0	462	53	194	666	861	591
375	631	295	462	0	490	334	735	525	476
855	141	612	53	490	0	244	717	908	643
655	361	562	194	334	244	0	532	668	403
844	763	1025	666	735	717	532	0	640	302
305	1030	760	861	525	908	668	640	0	371
542	740	771	591	476	643	403	302	371	0
1	5	3	6	4	2	0	8	9	7
3270
198	906
995	312
703	996
847	404
540	750
899	416
655	436
273	65
23	655
257	367
