6527
10
0	891	946	877	966	993	940	774	455	1019
891	0	786	1101	267	884	136	208	602	666
946	786	0	422	570	98	922	592	510	193
877	1101	422	0	940	364	1228	892	596	615
966	267	570	940	0	666	395	200	570	419
993	884	98	364	666	0	1020	689	575	273
940	136	922	1228	395	1020	0	338	705	802
774	208	592	892	200	689	338	0	417	497
455	602	510	596	570	575	705	417	0	564
1019	666	193	615	419	273	802	497	564	0
3	7	9	5	6	2	1	8	0	4
3562
11	997
183	122
844	548
888	968
450	136
924	605
62	58
314	284
356	699
806	358
