3743
10
0	707	665	377	466	560	296	630	379	371
707	0	190	702	890	219	927	546	533	673
665	190	0	761	945	105	926	681	399	537
377	702	761	0	188	668	327	333	660	710
466	890	945	188	0	850	274	476	805	831
560	219	105	668	850	0	821	622	318	458
296	927	926	327	274	821	0	659	675	658
630	546	681	333	476	622	659	0	766	864
379	533	399	660	805	318	675	766	0	140
371	673	537	710	831	458	658	864	140	0
1	2	5	8	9	0	6	4	3	7
2761
475	145
609	840
772	741
139	318
10	181
719	650
216	0
97	649
799	342
841	208
