5757
10
0	92	192	380	403	963	774	557	224	282
92	0	164	414	468	877	698	496	151	344
192	164	0	283	389	818	606	632	109	271
380	414	283	0	175	996	748	907	389	152
403	468	389	175	0	1161	918	959	497	124
963	877	818	996	1161	0	261	900	741	1068
774	698	606	748	918	261	0	859	550	834
557	496	632	907	959	900	859	0	544	836
224	151	109	389	497	741	550	544	0	377
282	344	271	152	124	1068	834	836	377	0
1	7	3	4	9	6	8	5	2	0
3272
449	947
502	871
371	771
91	818
48	988
676	11
471	173
998	852
469	723
167	950
