4100
10
0	126	336	401	496	843	385	538	564	797
126	0	321	387	417	759	457	412	495	728
336	321	0	707	249	1041	719	524	277	1029
401	387	707	0	779	534	285	601	864	449
496	417	249	779	0	980	871	373	88	998
843	759	1041	534	980	0	814	629	1066	126
385	457	719	285	871	814	0	806	945	718
538	412	524	601	373	629	806	0	451	671
564	495	277	864	88	1066	945	451	0	1086
797	728	1029	449	998	126	718	671	1086	0
1	2	8	6	7	9	0	5	4	3
3059
959	425
842	473
987	760
714	107
770	884
180	101
992	41
473	658
802	967
274	17
