6766
10
0	143	160	347	391	625	87	226	397	746
143	0	158	467	523	724	72	87	483	883
160	158	0	352	425	783	107	182	335	786
347	467	352	0	90	714	395	526	153	436
391	523	425	90	0	662	452	589	235	362
625	724	783	714	662	0	703	809	859	788
87	72	107	395	452	703	0	143	415	813
226	87	182	526	589	809	143	0	518	951
397	483	335	153	235	859	415	518	0	528
746	883	786	436	362	788	813	951	528	0
6	7	8	4	9	0	1	2	3	5
2781
643	634
720	755
563	773
313	524
306	434
839	40
657	720
732	842
246	662
61	167
