4317
10
0	910	822	561	597	420	730	556	526	547
910	0	387	357	799	493	537	372	389	652
822	387	0	342	474	513	797	325	369	821
561	357	342	0	523	177	495	29	35	482
597	799	474	523	0	575	992	494	514	909
420	493	513	177	575	0	422	189	145	343
730	537	797	495	992	422	0	524	490	207
556	372	325	29	494	189	524	0	44	506
526	389	369	35	514	145	490	44	0	463
547	652	821	482	909	343	207	506	463	0
1	3	7	8	5	6	9	0	4	2
3209
43	274
855	685
549	923
513	582
77	871
437	422
764	155
492	603
486	559
563	102
