6187
10
0	203	144	910	413	677	353	314	467	511
203	0	323	790	270	475	212	276	270	448
144	323	0	916	465	780	412	313	593	495
910	790	916	0	519	631	578	606	781	425
413	270	465	519	0	378	60	189	340	233
677	475	780	631	378	0	401	563	257	579
353	212	412	578	60	401	0	163	320	260
314	276	313	606	189	563	163	0	469	197
467	270	593	781	340	257	320	469	0	573
511	448	495	425	233	579	260	197	573	0
1	8	5	3	9	4	6	7	2	0
2699
681	235
703	437
571	142
70	910
487	600
701	912
524	552
427	420
817	682
264	531
