330
10
0	142	383	193	716	517	444	238	105	519
142	0	418	208	578	488	301	198	48	564
383	418	0	573	761	226	602	602	379	146
193	208	573	0	734	685	440	84	218	712
716	578	761	734	0	622	294	667	611	873
517	488	226	685	622	0	551	687	467	272
444	301	602	440	294	551	0	373	342	739
238	198	602	84	667	687	373	0	225	745
105	48	379	218	611	467	342	225	0	524
519	564	146	712	873	272	739	745	524	0
1	8	0	2	9	5	4	6	7	3
2535
94	300
232	263
167	676
93	107
810	268
388	726
525	192
171	74
199	298
131	818
