1306
10
0	156	285	435	230	466	280	325	188	296
156	0	147	558	334	497	202	351	237	198
285	147	0	705	481	630	124	486	382	280
435	558	705	0	226	337	715	336	344	558
230	334	481	226	0	278	505	179	122	342
466	497	630	337	278	0	698	147	279	378
280	202	124	715	505	698	0	550	428	382
325	351	486	336	179	147	550	0	136	253
188	237	382	344	122	279	428	136	0	220
296	198	280	558	342	378	382	253	220	0
6	9	1	4	8	3	2	5	0	7
2022
274	462
121	430
30	314
519	822
340	683
197	922
120	228
186	775
224	644
9	594
