7596
10
0	578	661	773	595	866	400	486	468	488
578	0	328	884	829	543	212	735	439	93
661	328	0	619	631	231	297	569	263	358
773	884	619	0	211	596	715	296	451	859
595	829	631	211	0	683	632	112	395	783
866	543	231	596	683	0	527	657	413	585
400	212	297	715	632	527	0	533	265	151
486	735	569	296	112	657	533	0	316	684
468	439	263	451	395	413	265	316	0	408
488	93	358	859	783	585	151	684	408	0
1	2	5	8	3	4	7	0	6	9
2876
864	796
287	748
319	421
796	25
911	202
228	208
484	669
878	310
582	422
376	775
