1148
10
0	502	663	314	451	309	244	694	234	460
502	0	347	814	254	201	461	663	683	313
663	347	0	962	596	395	734	398	890	655
314	814	962	0	722	624	444	909	194	712
451	254	596	722	0	285	290	863	550	59
309	201	395	624	285	0	339	585	513	331
244	461	734	444	290	339	0	875	262	271
694	663	398	909	863	585	875	0	920	913
234	683	890	194	550	513	262	920	0	533
460	313	655	712	59	331	271	913	533	0
1	2	7	5	0	3	8	6	9	4
2993
700	549
304	239
42	467
976	700
534	129
431	395
760	312
81	864
931	511
587	103
