9228
10
0	899	473	617	430	207	492	150	570	224
899	0	583	629	575	716	496	813	340	1021
473	583	0	166	497	272	484	331	389	492
617	629	166	0	657	428	637	469	517	591
430	575	497	657	0	357	80	436	249	632
207	716	272	428	357	0	389	99	408	311
492	496	484	637	80	389	0	478	180	682
150	813	331	469	436	99	478	0	508	212
570	340	389	517	249	408	180	508	0	720
224	1021	492	591	632	311	682	212	720	0
1	8	6	4	0	9	7	5	2	3
2632
285	54
989	614
415	509
362	667
712	110
379	239
763	172
286	204
772	352
81	147
