794
10
0	878	619	358	821	472	469	700	340	399
878	0	587	869	855	564	445	272	1093	896
619	587	0	851	1128	691	540	315	950	894
358	869	851	0	488	312	431	797	263	44
821	855	1128	488	0	439	588	935	718	463
472	564	691	312	439	0	161	541	560	333
469	445	540	431	588	161	0	382	648	462
700	272	315	797	935	541	382	0	974	833
340	1093	950	263	718	560	648	974	0	267
399	896	894	44	463	333	462	833	267	0
1	7	2	0	8	3	9	4	5	6
3361
992	351
374	976
961	970
686	164
198	139
526	432
584	583
646	960
907	21
661	127
