3810
10
0	367	328	235	701	411	430	106	702	622
367	0	248	190	944	778	594	284	995	458
328	248	0	325	718	696	360	224	792	296
235	190	325	0	908	627	592	203	928	600
701	944	718	908	0	616	359	705	168	798
411	778	696	627	616	0	572	504	519	957
430	594	360	592	359	572	0	394	454	471
106	284	224	203	705	504	394	0	731	519
702	995	792	928	168	519	454	731	0	919
622	458	296	600	798	957	471	519	919	0
1	2	9	6	4	8	5	0	7	3
2971
525	188
892	169
783	392
729	71
197	808
114	197
502	618
617	241
58	713
973	620
