815
10
0	701	653	287	298	502	260	523	277	110
701	0	656	753	432	776	763	246	715	720
653	656	0	907	657	1073	467	435	882	753
287	753	907	0	332	226	547	659	38	178
298	432	657	332	0	430	468	332	295	291
502	776	1073	226	430	0	761	754	226	398
260	763	467	547	468	761	0	531	537	369
523	246	435	659	332	754	531	0	624	573
277	715	882	38	295	226	537	624	0	172
110	720	753	178	291	398	369	573	172	0
6	4	7	8	5	3	2	1	9	0
2816
457	765
715	113
71	238
726	866
655	541
952	852
209	685
506	244
727	828
555	815
