1525
10
0	722	674	735	541	939	970	463	163	779
722	0	231	685	302	248	259	391	562	371
674	231	0	857	138	300	350	502	513	587
735	685	857	0	821	910	893	382	685	367
541	302	138	821	0	433	479	444	383	604
939	248	300	910	433	0	61	640	775	562
970	259	350	893	479	61	0	645	807	536
463	391	502	382	444	640	645	0	352	317
163	562	513	685	383	775	807	352	0	659
779	371	587	367	604	562	536	317	659	0
7	6	4	9	8	2	5	3	0	1
2887
971	391
251	334
351	125
514	967
488	146
56	180
15	226
551	586
813	350
257	705
