5286
10
0	704	747	608	791	630	720	852	496	1184
704	0	922	331	295	490	331	201	742	702
747	922	0	595	1185	442	643	1123	255	858
608	331	595	0	612	159	112	530	444	579
791	295	1185	612	0	770	626	178	977	968
630	490	442	159	770	0	205	688	331	574
720	331	643	112	626	205	0	514	528	472
852	201	1123	530	178	688	514	0	942	803
496	742	255	444	977	331	528	942	0	876
1184	702	858	579	968	574	472	803	876	0
1	7	4	0	8	2	5	3	6	9
3808
225	46
302	746
970	110
568	549
13	809
700	460
619	649
168	897
715	129
968	968
