4719
10
0	388	1009	368	738	1171	824	924	737	819
388	0	643	127	548	859	469	816	418	432
1009	643	0	642	532	322	187	763	307	368
368	127	642	0	445	813	456	700	373	503
738	548	532	445	0	505	396	289	273	671
1171	859	322	813	505	0	408	617	442	682
824	469	187	456	396	408	0	663	132	314
924	816	763	700	289	617	663	0	553	956
737	418	307	373	273	442	132	553	0	403
819	432	368	503	671	682	314	956	403	0
1	9	5	0	8	7	2	4	3	6
3563
14	956
376	814
819	347
294	717
292	272
738	35
653	435
121	38
521	421
797	715
