5687
10
0	882	426	87	170	641	1098	332	725	751
882	0	788	805	792	563	216	561	192	487
426	788	0	360	260	845	980	467	714	907
87	805	360	0	100	611	1021	269	656	712
170	792	260	100	0	671	1004	302	660	761
641	563	845	611	671	0	734	381	380	132
1098	216	980	1021	1004	734	0	777	395	634
332	561	467	269	302	381	777	0	395	460
725	192	714	656	660	380	395	395	0	327
751	487	907	712	761	132	634	460	327	0
1	6	2	4	3	0	7	5	9	8
3007
815	125
157	713
926	537
783	206
830	295
174	150
2	864
528	292
212	529
71	233
