969
10
0	863	1076	322	809	1161	575	1006	566	726
863	0	661	880	61	660	500	353	296	604
1076	661	0	876	690	111	504	331	719	361
322	880	876	0	841	976	435	903	613	516
809	61	690	841	0	697	480	396	244	601
1161	660	111	976	697	0	586	309	762	460
575	500	504	435	480	586	0	467	331	188
1006	353	331	903	396	309	467	0	511	448
566	296	719	613	244	762	331	511	0	503
726	604	361	516	601	460	188	448	503	0
1	4	8	0	3	6	9	2	5	7
2950
989	63
875	919
221	818
667	63
910	869
215	929
609	495
523	955
914	625
422	518
