3953
10
0	445	320	539	584	232	652	349	720	818
445	0	756	757	566	240	582	792	415	785
320	756	0	478	698	553	779	162	957	888
539	757	478	0	341	686	415	638	721	445
584	566	698	341	0	610	82	833	393	241
232	240	553	686	610	0	655	564	605	850
652	582	779	415	82	655	0	912	346	203
349	792	162	638	833	564	912	0	1051	1036
720	415	957	721	393	605	346	1051	0	507
818	785	888	445	241	850	203	1036	507	0
5	8	7	2	9	1	4	0	6	3
2990
395	848
840	827
86	762
275	322
616	307
617	917
687	265
53	921
987	438
640	67
