4763
10
0	465	471	765	230	232	260	175	79	643
465	0	364	719	254	687	219	519	531	956
471	364	0	365	291	689	288	389	490	674
765	719	365	0	640	942	645	622	753	626
230	254	291	640	0	462	34	266	285	724
232	687	689	942	462	0	492	320	199	654
260	219	288	645	34	492	0	301	318	755
175	519	389	622	266	320	301	0	134	483
79	531	490	753	285	199	318	134	0	574
643	956	674	626	724	654	755	483	574	0
1	6	4	0	5	8	7	9	3	2
2886
743	350
367	76
278	429
82	737
525	275
967	412
503	248
660	505
768	425
656	988
