5066
10
0	447	331	290	260	339	333	237	233	785
447	0	553	717	192	755	763	670	241	1094
331	553	0	534	391	591	564	320	331	541
290	717	534	0	541	56	46	237	521	811
260	192	391	541	0	585	587	478	59	927
339	755	591	56	585	0	46	291	568	854
333	763	564	46	587	46	0	255	566	810
237	670	320	237	478	291	255	0	435	598
233	241	331	521	59	568	566	435	0	868
785	1094	541	811	927	854	810	598	868	0
1	8	2	9	7	6	5	3	0	4
2810
499	184
917	24
622	492
211	150
752	123
167	114
166	160
333	354
732	179
336	952
