7286
10
0	1102	543	798	393	1051	716	242	492	789
1102	0	635	819	801	440	662	859	610	331
543	635	0	386	453	508	223	324	180	304
798	819	386	0	830	462	184	648	566	558
393	801	453	830	0	895	677	242	289	545
1051	440	508	462	895	0	379	828	613	374
716	662	223	184	677	379	0	527	398	379
242	859	324	648	242	828	527	0	250	546
492	610	180	566	289	613	398	250	0	298
789	331	304	558	545	374	379	546	298	0
4	5	7	6	8	3	2	0	9	1
3186
128	1
905	783
335	503
86	798
512	85
511	980
247	708
290	182
456	369
616	621
