4571
10
0	292	222	282	577	793	422	168	96	518
292	0	487	523	844	948	704	240	370	778
222	487	0	74	358	607	222	271	126	296
282	523	74	0	324	532	221	292	187	255
577	844	358	324	0	483	175	616	483	72
793	948	607	532	483	0	591	719	708	454
422	704	222	221	175	591	0	493	334	150
168	240	271	292	616	719	493	0	184	548
96	370	126	187	483	708	334	184	0	423
518	778	296	255	72	454	150	548	423	0
1	7	5	9	4	6	3	2	8	0
2469
178	379
195	87
305	562
378	578
431	898
887	736
297	784
322	291
237	455
441	826
