1561
10
0	649	776	569	275	364	417	897	702	680
649	0	348	179	539	340	444	461	57	717
776	348	0	243	549	600	739	129	324	492
569	179	243	0	398	357	497	372	199	538
275	539	549	398	0	404	529	658	580	413
364	340	600	357	404	0	149	729	397	757
417	444	739	497	529	149	0	866	499	902
897	461	129	372	658	729	866	0	428	526
702	57	324	199	580	397	499	428	0	728
680	717	492	538	413	757	902	526	728	0
4	5	3	8	9	6	0	2	1	7
2748
269	63
455	685
799	630
570	547
530	151
234	426
85	438
916	685
490	730
943	159
