6299
10
0	746	551	704	867	441	254	779	586	138
746	0	675	553	431	615	494	644	887	801
551	675	0	229	1030	118	509	257	219	687
704	553	229	0	960	282	580	100	433	830
867	431	1030	960	0	940	640	1058	1217	851
441	615	118	282	940	0	393	342	278	575
254	494	509	580	640	393	0	672	635	314
779	644	257	100	1058	342	672	0	425	909
586	887	219	433	1217	278	635	425	0	722
138	801	687	830	851	575	314	909	722	0
9	3	8	7	1	0	4	2	5	6
3371
308	879
454	147
832	707
892	485
32	57
714	705
329	625
991	504
893	918
171	897
