3139
10
0	616	298	449	754	218	84	544	529	462
616	0	353	211	359	631	683	103	610	311
298	353	0	157	602	278	348	315	372	355
449	211	157	0	519	426	504	208	418	338
754	359	602	519	0	860	837	311	937	291
218	631	278	426	860	0	187	591	333	584
84	683	348	504	837	187	0	618	518	545
544	103	315	208	311	591	618	0	626	208
529	610	372	418	937	333	518	626	0	723
462	311	355	338	291	584	545	208	723	0
1	7	4	9	0	6	5	8	2	3
2511
766	831
278	455
610	577
488	478
22	707
880	645
850	830
295	557
872	312
308	765
