7916
10
0	542	292	201	670	667	512	263	677	217
542	0	530	555	539	323	655	581	796	750
292	530	0	102	866	776	777	544	946	459
201	555	102	0	823	764	704	462	872	357
670	539	866	823	0	264	301	472	340	766
667	323	776	764	264	0	501	564	589	826
512	655	777	704	301	501	0	254	169	531
263	581	544	462	472	564	254	0	415	295
677	796	946	872	340	589	169	415	0	671
217	750	459	357	766	826	531	295	671	0
1	2	3	0	9	7	6	8	4	5
2695
560	320
46	495
384	86
472	139
334	951
109	812
610	830
622	576
672	988
777	325
