2771
10
0	494	1071	762	325	860	424	375	542	512
494	0	790	495	259	703	140	231	712	505
1071	790	0	315	761	282	926	720	771	598
762	495	315	0	446	235	623	404	559	335
325	259	761	446	0	586	294	51	462	291
860	703	282	235	586	0	819	558	492	353
424	140	926	623	294	819	0	290	755	578
375	231	720	404	51	558	290	0	481	288
542	712	771	559	462	492	755	481	0	243
512	505	598	335	291	353	578	288	243	0
6	4	5	2	7	9	1	3	0	8
3013
34	367
509	231
983	864
732	673
352	438
704	907
397	147
403	437
212	879
401	725
