3394
10
0	753	72	733	942	264	762	500	572	882
753	0	816	247	238	733	175	927	567	155
72	816	0	782	998	255	817	465	592	941
733	247	782	0	248	626	82	766	364	236
942	238	998	248	0	867	186	1014	609	85
264	733	255	626	867	0	681	261	358	827
762	175	817	82	186	681	0	836	441	158
500	927	465	766	1014	261	836	0	415	993
572	567	592	364	609	358	441	415	0	599
882	155	941	236	85	827	158	993	599	0
2	0	5	6	9	7	4	8	3	1
2628
917	512
313	62
946	578
218	291
76	87
711	678
217	209
641	930
356	628
158	62
