6133
10
0	288	800	986	469	308	518	700	1009	141
288	0	586	698	238	253	319	436	741	269
800	586	0	511	686	509	281	672	328	842
986	698	511	0	610	805	593	422	259	950
469	238	686	610	0	487	476	238	735	380
308	253	509	805	487	0	241	652	764	395
518	319	281	593	476	241	0	552	524	563
700	436	672	422	238	652	552	0	611	619
1009	741	328	259	735	764	524	611	0	1010
141	269	842	950	380	395	563	619	1010	0
1	9	0	5	6	2	8	3	7	4
2725
102	938
242	686
819	583
633	107
142	470
405	880
561	696
235	250
846	256
13	828
