8322
10
0	889	407	223	379	751	880	701	716	873
889	0	484	818	568	139	491	188	200	115
407	484	0	350	135	345	611	299	309	465
223	818	350	0	251	679	933	641	624	774
379	568	135	251	0	430	746	395	373	523
751	139	345	679	430	0	491	59	80	146
880	491	611	933	746	491	0	462	562	595
701	188	299	641	395	59	462	0	101	205
716	200	309	624	373	80	562	101	0	156
873	115	465	774	523	146	595	205	156	0
1	9	8	5	7	2	4	3	0	6
2689
940	792
105	486
572	616
919	569
672	524
242	513
79	977
278	560
304	462
166	388
