4010
10
0	474	837	307	438	102	582	830	370	287
474	0	605	604	343	577	177	355	394	217
837	605	0	702	939	919	440	659	968	749
307	604	702	0	708	318	627	935	658	505
438	343	939	708	0	511	520	587	98	222
102	577	919	318	511	0	684	932	431	384
582	177	440	627	520	684	0	320	569	373
830	355	659	935	587	932	320	0	672	558
370	394	968	658	98	431	569	672	0	221
287	217	749	505	222	384	373	558	221	0
1	7	6	2	3	5	0	8	4	9
3144
860	450
448	214
52	672
751	737
737	29
954	492
296	305
150	20
820	82
664	239
