6900
10
0	579	284	572	536	416	251	440	646	889
579	0	860	10	462	968	345	419	274	783
284	860	0	853	724	166	521	641	892	1019
572	10	853	0	465	962	340	420	282	789
536	462	724	465	0	753	351	99	265	378
416	968	166	962	753	0	622	686	958	998
251	345	521	340	351	622	0	254	399	729
440	419	641	420	99	686	254	0	283	474
646	274	892	282	265	958	399	283	0	517
889	783	1019	789	378	998	729	474	517	0
1	8	9	4	7	5	2	0	6	3
3005
591	801
12	784
872	756
19	792
249	387
966	619
352	723
295	475
14	510
170	17
