329
10
0	177	697	272	184	686	543	123	814	381
177	0	658	441	317	794	468	298	935	426
697	658	0	900	604	605	214	770	743	372
272	441	900	0	296	690	782	151	781	537
184	317	604	296	0	502	500	182	631	243
686	794	605	690	502	0	677	656	153	403
543	468	214	782	500	677	0	638	829	323
123	298	770	151	182	656	638	0	769	422
814	935	743	781	631	153	829	769	0	555
381	426	372	537	243	403	323	422	555	0
1	6	2	8	5	9	4	3	7	0
2971
93	694
37	526
640	262
78	966
271	741
760	855
426	265
105	817
859	972
459	587
