8634
10
0	600	1000	699	833	236	636	907	1114	466
600	0	724	181	246	468	46	364	713	559
1000	724	0	555	819	1036	748	972	227	566
699	181	555	0	294	614	196	445	532	522
833	246	819	294	0	669	202	154	738	788
236	468	1036	614	669	0	493	714	1104	585
636	46	748	196	202	493	0	318	724	604
907	364	972	445	154	714	318	0	880	922
1114	713	227	532	738	1104	724	880	0	728
466	559	566	522	788	585	604	922	728	0
1	6	7	4	3	8	2	9	0	5
3307
921	749
321	752
220	35
240	590
93	845
758	921
285	781
47	992
6	112
698	339
