8762
10
0	576	304	398	459	787	759	567	243	371
576	0	498	697	627	609	345	288	409	278
304	498	0	201	179	490	535	342	124	452
398	697	201	0	134	541	684	506	315	641
459	627	179	134	0	408	565	400	301	625
787	609	490	541	408	0	329	328	553	770
759	345	535	684	565	329	0	196	522	587
567	288	342	506	400	328	196	0	327	451
243	409	124	315	301	553	522	327	0	328
371	278	452	641	625	770	587	451	328	0
1	9	0	8	2	3	4	5	6	7
2572
705	102
881	651
501	328
327	227
325	361
283	767
601	854
593	658
625	332
950	381
