6092
10
0	521	468	90	617	596	652	326	490	461
521	0	54	552	448	495	726	770	847	170
468	54	0	498	453	492	712	724	809	139
90	552	498	0	698	681	743	385	563	465
617	448	453	698	0	73	332	665	630	588
596	495	492	681	73	0	260	611	563	622
652	726	712	743	332	260	0	527	402	827
326	770	724	385	665	611	527	0	196	758
490	847	809	563	630	563	402	196	0	871
461	170	139	465	588	622	827	758	871	0
1	4	5	6	8	7	0	3	9	2
2453
521	818
941	509
905	550
553	903
609	207
537	222
277	213
205	736
96	573
961	678
