6318
10
0	990	769	582	223	94	445	450	1122	234
990	0	479	426	1168	953	750	703	142	908
769	479	0	289	989	780	369	729	539	592
582	426	289	0	781	562	346	442	548	482
223	1168	989	781	0	218	668	535	1306	449
94	953	780	562	218	0	486	366	1089	301
445	750	369	346	668	486	0	606	851	232
450	703	729	442	535	366	606	0	846	551
1122	142	539	548	1306	1089	851	846	0	1026
234	908	592	482	449	301	232	551	1026	0
4	8	6	1	5	7	9	3	2	0
3191
732	880
139	87
34	555
313	476
950	928
776	796
290	822
753	430
15	16
501	920
