5357
10
0	850	701	619	258	778	597	831	39	809
850	0	616	237	897	975	440	383	835	252
701	616	0	560	555	364	210	286	664	383
619	237	560	0	696	885	351	433	606	325
258	897	555	696	0	540	531	762	223	782
778	975	364	885	540	0	543	645	739	748
597	440	210	351	531	543	0	237	565	257
831	383	286	433	762	645	237	0	801	131
39	835	664	606	223	739	565	801	0	784
809	252	383	325	782	748	257	131	784	0
1	9	7	6	2	5	4	8	0	3
2852
345	904
40	110
636	266
81	344
589	820
962	429
431	313
422	76
373	876
292	96
